4 0.0825 0.1194 0.028 0.0311 
4 0.1062 0.1162 0.0208 0.0308 
4 0.1337 0.1199 0.0248 0.0341 
4 0.1518 0.1187 0.0208 0.0384 
4 0.0817 0.1477 0.0295 0.0274 
4 0.1058 0.1493 0.0231 0.0374 
4 0.0862 0.1754 0.0241 0.0301 
4 0.1078 0.1786 0.0255 0.0317 
4 0.1321 0.1508 0.0216 0.0278 
4 0.1522 0.1503 0.0201 0.0308 
4 0.1338 0.1807 0.0231 0.0321 
4 0.1538 0.1786 0.0218 0.0278 
4 0.2134 0.1167 0.0241 0.0384 
4 0.2365 0.1146 0.0241 0.036 
4 0.2147 0.1472 0.0216 0.0331 
4 0.235 0.1498 0.0226 0.0317 
4 0.1753 0.1493 0.0248 0.0354 
4 0.1953 0.1486 0.0231 0.0255 
4 0.1721 0.1807 0.0248 0.0274 
4 0.1957 0.1835 0.0288 0.0331 
4 0.2578 0.1764 0.0231 0.0301 
4 0.2793 0.1753 0.0208 0.0331 
4 0.3044 0.1753 0.0196 0.0351 
4 0.3217 0.147 0.0228 0.0268 
4 0.3233 0.1777 0.0196 0.0321 
4 0.3452 0.12 0.0193 0.0218 
4 0.3663 0.1187 0.0198 0.0231 
4 0.3456 0.1472 0.0231 0.0271 
4 0.3678 0.1491 0.0193 0.0298 
4 0.3906 0.1207 0.0278 0.0225 
4 0.4209 0.1204 0.0278 0.0192 
4 0.3927 0.1442 0.03 0.0192 
4 0.424 0.1452 0.0305 0.0218 
4 0.3911 0.1639 0.0283 0.0169 
4 0.4246 0.164 0.0308 0.0185 
4 0.3924 0.184 0.0308 0.0188 
4 0.4234 0.1802 0.0298 0.0225 
4 0.4565 0.0974 0.0295 0.0215 
4 0.489 0.0971 0.0345 0.0255 
4 0.4551 0.1202 0.0337 0.0188 
4 0.4864 0.1219 0.0322 0.0202 
4 0.4531 0.1407 0.0288 0.0175 
4 0.4872 0.1396 0.032 0.0192 
4 0.4557 0.1627 0.0305 0.0192 
4 0.4882 0.1612 0.0305 0.0215 
4 0.4551 0.1802 0.0298 0.0198 
4 0.4862 0.1801 0.0275 0.0182 
4 0.4872 0.2409 0.0226 0.0169 
4 0.4874 0.2614 0.0238 0.0182 
4 0.4876 0.2794 0.0233 0.0179 
4 0.4888 0.2956 0.0258 0.0159 
4 0.4881 0.3142 0.0258 0.0179 
4 0.4588 0.3153 0.0308 0.0215 
4 0.4544 0.2953 0.0263 0.0205 
4 0.4598 0.277 0.0278 0.0136 
4 0.4603 0.2606 0.0253 0.0179 
4 0.4596 0.2397 0.0283 0.0192 
4 0.4278 0.2589 0.0278 0.0212 
4 0.4283 0.2794 0.0273 0.0179 
4 0.4293 0.2973 0.0273 0.0146 
4 0.4297 0.316 0.0255 0.0202 
4 0.3983 0.3158 0.0322 0.0205 
4 0.3977 0.2946 0.03 0.0152 
4 0.3963 0.276 0.0317 0.0202 
4 0.3991 0.2578 0.0293 0.0182 
4 0.3943 0.2412 0.0248 0.0175 
4 0.3677 0.2235 0.0231 0.0179 
4 0.3485 0.2507 0.0213 0.0298 
4 0.3712 0.2526 0.0241 0.0324 
4 0.3254 0.2498 0.0238 0.0294 
4 0.3089 0.2518 0.0201 0.0308 
4 0.3089 0.2817 0.0201 0.0278 
4 0.3282 0.2799 0.0226 0.0288 
4 0.3488 0.2806 0.0186 0.0294 
4 0.3697 0.2814 0.0211 0.0284 
4 0.3709 0.3095 0.0226 0.0284 
4 0.3496 0.31 0.0226 0.0294 
4 0.3278 0.3113 0.0161 0.0294 
4 0.3064 0.3092 0.0161 0.0278 
4 0.2416 0.2502 0.0188 0.0288 
4 0.252 0.2257 0.0169 0.0208 
4 0.232 0.224 0.0176 0.0235 
4 0.2227 0.2515 0.0198 0.0327 
4 0.2197 0.2809 0.0213 0.0281 
4 0.2375 0.2819 0.0191 0.0274 
4 0.2411 0.3102 0.0208 0.0271 
4 0.2189 0.3095 0.0231 0.0324 
4 0.1835 0.2252 0.0218 0.0218 
4 0.2042 0.2255 0.0226 0.0218 
4 0.1797 0.2536 0.025 0.0331 
4 0.2019 0.2526 0.0233 0.0311 
4 0.1793 0.2842 0.0238 0.0308 
4 0.1992 0.2827 0.0223 0.0317 
4 0.1782 0.3107 0.0211 0.0288 
4 0.1985 0.31 0.0236 0.0314 
4 0.1534 0.2796 0.0216 0.0294 
4 0.1318 0.2798 0.0211 0.0304 
4 0.1347 0.3085 0.0223 0.0291 
4 0.1556 0.307 0.0255 0.0321 
4 0.1128 0.2264 0.0203 0.0241 
4 0.0904 0.2262 0.0211 0.0218 
4 0.0941 0.2545 0.0196 0.0228 
4 0.1132 0.2526 0.0196 0.0265 
4 0.0934 0.2806 0.0211 0.0228 
4 0.1135 0.2816 0.0156 0.0274 
4 0.0954 0.309 0.0186 0.0235 
4 0.1147 0.3108 0.0141 0.0245 
4 0.0518 0.2773 0.0208 0.0321 
4 0.0708 0.2788 0.0186 0.0258 
4 0.0501 0.308 0.0188 0.0301 
4 0.0729 0.3085 0.0233 0.0291 
4 0.0511 0.3662 0.0243 0.0294 
4 0.0724 0.3662 0.0184 0.0255 
4 0.097 0.3671 0.0198 0.0271 
4 0.1177 0.3671 0.0206 0.0291 
4 0.1572 0.3656 0.0203 0.0268 
4 0.1742 0.3652 0.0171 0.0308 
4 0.1625 0.3935 0.0203 0.0271 
4 0.1422 0.3958 0.0216 0.0317 
4 0.1195 0.3953 0.0188 0.0274 
4 0.1003 0.3973 0.0211 0.0261 
4 0.0764 0.3957 0.0193 0.0255 
4 0.0559 0.3952 0.0181 0.0238 
4 0.0564 0.4226 0.0206 0.0258 
4 0.0802 0.4226 0.0171 0.0265 
4 0.1009 0.4243 0.0179 0.0271 
4 0.1221 0.4243 0.0191 0.0271 
4 0.1446 0.4253 0.0179 0.0251 
4 0.1632 0.4226 0.0174 0.0245 
4 0.1625 0.4499 0.0164 0.0261 
4 0.1431 0.4499 0.0179 0.0261 
4 0.1235 0.4484 0.0188 0.0251 
4 0.1021 0.4492 0.0146 0.0222 
4 0.081 0.4516 0.0206 0.0255 
4 0.0592 0.4502 0.0181 0.0228 
4 0.0588 0.5043 0.0218 0.0284 
4 0.08 0.505 0.0206 0.0317 
4 0.1006 0.5046 0.0191 0.0304 
4 0.1252 0.5041 0.0198 0.0274 
4 0.1463 0.5051 0.0198 0.0294 
4 0.1673 0.5036 0.0226 0.0304 
4 0.217 0.3938 0.0223 0.0331 
4 0.2315 0.3644 0.0176 0.0265 
4 0.2392 0.3932 0.0255 0.0317 
4 0.2619 0.3664 0.0213 0.0284 
4 0.2841 0.3654 0.0231 0.0304 
4 0.3104 0.3656 0.0206 0.0268 
4 0.332 0.3669 0.0201 0.0274 
4 0.2657 0.3935 0.0171 0.0251 
4 0.2861 0.3942 0.0186 0.0251 
4 0.3083 0.3955 0.0179 0.0251 
4 0.3284 0.3945 0.0179 0.0251 
4 0.3532 0.3912 0.0188 0.0324 
4 0.3736 0.3904 0.0171 0.0308 
4 0.3589 0.3603 0.0184 0.0294 
4 0.379 0.3608 0.0124 0.0304 
4 0.3738 0.4203 0.0179 0.0258 
4 0.3534 0.4206 0.0198 0.0271 
4 0.3502 0.4487 0.0154 0.0291 
4 0.3709 0.4478 0.0156 0.0265 
4 0.329 0.4492 0.0201 0.0255 
4 0.3294 0.4211 0.0179 0.0228 
4 0.308 0.4198 0.0193 0.0255 
4 0.2847 0.4195 0.0179 0.0228 
4 0.2653 0.421 0.0181 0.0225 
4 0.2412 0.4231 0.0181 0.0202 
4 0.2189 0.4213 0.0206 0.0265 
4 0.2199 0.4504 0.0216 0.0291 
4 0.2427 0.4509 0.0201 0.0281 
4 0.2656 0.4494 0.0203 0.0271 
4 0.285 0.4501 0.0179 0.0284 
4 0.308 0.4514 0.0164 0.0231 
4 0.3284 0.4504 0.0154 0.0212 
4 0.4043 0.3735 0.0243 0.0188 
4 0.4299 0.3738 0.0255 0.0208 
4 0.4609 0.3742 0.0231 0.0155 
4 0.4865 0.3745 0.0241 0.0169 
4 0.486 0.3912 0.0201 0.0159 
4 0.4601 0.393 0.0238 0.0169 
4 0.4301 0.3914 0.0248 0.0136 
4 0.4043 0.3915 0.0258 0.0152 
4 0.3976 0.413 0.0293 0.0238 
4 0.4288 0.4109 0.0273 0.0182 
4 0.4585 0.4139 0.0246 0.0188 
4 0.489 0.4148 0.0275 0.0208 
4 0.4874 0.4354 0.0258 0.0162 
4 0.4903 0.4535 0.0283 0.0195 
4 0.459 0.4514 0.0275 0.0159 
4 0.4588 0.4354 0.0258 0.0208 
4 0.427 0.435 0.027 0.0195 
4 0.4282 0.4534 0.027 0.0165 
4 0.3992 0.4549 0.0275 0.0182 
4 0.3973 0.4334 0.0308 0.0142 
4 0.2211 0.502 0.0206 0.0298 
4 0.2442 0.5021 0.0206 0.0281 
4 0.3563 0.4997 0.0206 0.0271 
4 0.3777 0.4975 0.0184 0.0261 
4 0.4508 0.5093 0.0231 0.0443 
4 0.4829 0.5142 0.0253 0.0476 
4 0.4835 0.5686 0.0285 0.0513 
4 0.4555 0.5615 0.027 0.0463 
4 0.4019 0.5675 0.036 0.0509 
4 0.373 0.5809 0.0159 0.0222 
4 0.373 0.5518 0.0179 0.0274 
4 0.3756 0.5263 0.0176 0.0261 
4 0.3543 0.5279 0.0161 0.0255 
4 0.3533 0.5546 0.0146 0.0218 
4 0.3519 0.5807 0.0174 0.0238 
4 0.3327 0.5795 0.0171 0.0228 
4 0.3342 0.5559 0.0201 0.0245 
4 0.3342 0.525 0.0206 0.0235 
4 0.3132 0.5256 0.0213 0.0274 
4 0.3142 0.5559 0.0213 0.0238 
4 0.3136 0.5805 0.0191 0.0255 
4 0.2913 0.5842 0.0191 0.0241 
4 0.2896 0.5552 0.0191 0.0231 
4 0.2897 0.5279 0.0193 0.0268 
4 0.268 0.5291 0.0196 0.0251 
4 0.2682 0.5565 0.0191 0.0251 
4 0.2693 0.5833 0.0203 0.0245 
4 0.1899 0.5248 0.0181 0.0251 
4 0.2083 0.5256 0.0169 0.0274 
4 0.2252 0.5304 0.0213 0.0271 
4 0.245 0.5301 0.0174 0.0271 
4 0.2447 0.5592 0.0176 0.0218 
4 0.2481 0.5837 0.0211 0.0278 
4 0.2086 0.5552 0.0154 0.0251 
4 0.2099 0.5813 0.0171 0.0231 
4 0.1892 0.5532 0.0184 0.0231 
4 0.1904 0.5802 0.0206 0.0261 
4 0.1665 0.5316 0.0156 0.0228 
4 0.1673 0.5594 0.0171 0.0222 
4 0.1695 0.5817 0.0181 0.0225 
4 0.1467 0.5303 0.0206 0.0248 
4 0.1457 0.5575 0.0211 0.0251 
4 0.1482 0.5827 0.0196 0.0251 
4 0.1281 0.582 0.0191 0.0245 
4 0.1251 0.5564 0.0196 0.0268 
4 0.1276 0.5298 0.0181 0.0265 
4 0.1074 0.5303 0.0188 0.0248 
4 0.1063 0.5559 0.0196 0.0258 
4 0.1078 0.582 0.0216 0.0258 
4 0.0868 0.5837 0.0203 0.0278 
4 0.0848 0.5561 0.0198 0.0261 
4 0.0823 0.5301 0.0228 0.0271 
4 0.0614 0.5301 0.0201 0.0231 
4 0.0637 0.5572 0.0213 0.0284 
4 0.0665 0.5842 0.0208 0.0274 
4 0.1169 0.6399 0.0191 0.0251 
4 0.1358 0.6409 0.0191 0.0278 
4 0.0718 0.6961 0.0196 0.0284 
4 0.0904 0.6964 0.0191 0.0265 
4 0.0543 0.7852 0.0213 0.0268 
4 0.0763 0.7841 0.0181 0.0284 
4 0.094 0.7864 0.0174 0.0311 
4 0.1569 0.6422 0.0196 0.0284 
4 0.1539 0.6688 0.0196 0.0261 
4 0.1565 0.6948 0.0188 0.0265 
4 0.1751 0.6425 0.0159 0.0291 
4 0.175 0.6703 0.0171 0.0251 
4 0.1757 0.6963 0.0181 0.0268 
4 0.1932 0.6435 0.0188 0.0304 
4 0.1935 0.6713 0.0198 0.0238 
4 0.1941 0.6958 0.0186 0.0278 
4 0.2138 0.6435 0.0198 0.0284 
4 0.2139 0.6716 0.0201 0.0278 
4 0.215 0.6981 0.0213 0.0271 
4 0.2318 0.6465 0.0171 0.0291 
4 0.2519 0.6455 0.0196 0.0291 
4 0.2324 0.6725 0.0174 0.0228 
4 0.2517 0.6731 0.0193 0.0261 
4 0.2338 0.6986 0.0176 0.0281 
4 0.2532 0.6991 0.0193 0.0278 
4 0.2747 0.6447 0.0211 0.0288 
4 0.2949 0.6442 0.0203 0.0291 
4 0.3135 0.6432 0.0174 0.0251 
4 0.3337 0.6432 0.0166 0.0278 
4 0.314 0.6708 0.0179 0.0261 
4 0.3331 0.6716 0.0179 0.0278 
4 0.3354 0.6987 0.0201 0.0284 
4 0.3145 0.6982 0.0184 0.0288 
4 0.2743 0.6695 0.0188 0.0255 
4 0.2944 0.6708 0.0184 0.0261 
4 0.2747 0.6956 0.0211 0.0248 
4 0.2949 0.6964 0.0188 0.0265 
4 0.4311 0.6905 0.0228 0.0304 
4 0.3527 0.6422 0.0179 0.0317 
4 0.3739 0.6435 0.0226 0.0311 
4 0.354 0.6725 0.0206 0.0288 
4 0.3744 0.6718 0.0201 0.0248 
4 0.3549 0.6986 0.0198 0.0288 
4 0.3735 0.6982 0.0218 0.0288 
4 0.4735 0.7946 0.0188 0.0324 
4 0.4911 0.7948 0.0159 0.0268 
4 0.1819 0.8414 0.027 0.0387 
4 0.1522 0.8439 0.0265 0.037 
4 0.2116 0.8451 0.0213 0.036 
4 0.4523 0.7943 0.0191 0.0258 
4 0.5099 0.795 0.0149 0.0251 
4 0.4555 0.6412 0.0275 0.0443 
4 0.4891 0.6409 0.0258 0.0437 
4 0.4897 0.6877 0.0255 0.044 
4 0.4568 0.6868 0.0253 0.0423 
4 0.5233 0.6799 0.0283 0.0423 
4 0.5527 0.6822 0.0285 0.0423 
4 0.5522 0.6437 0.026 0.044 
4 0.5223 0.6402 0.0288 0.0423 
4 0.5135 0.5661 0.0255 0.047 
4 0.5423 0.5661 0.0231 0.0463 
4 0.5146 0.5198 0.0243 0.0476 
4 0.5446 0.5223 0.0258 0.0506 
4 0.5656 0.5519 0.0181 0.0291 
4 0.5888 0.5531 0.0248 0.0314 
4 0.5909 0.5792 0.0231 0.0274 
4 0.5667 0.5789 0.0188 0.0235 
4 0.606 0.6453 0.0221 0.0301 
4 0.6088 0.6716 0.0201 0.0245 
4 0.6074 0.6963 0.0184 0.0268 
4 0.5851 0.6386 0.0179 0.0231 
4 0.5882 0.6683 0.0176 0.0337 
4 0.5873 0.693 0.0174 0.0261 
4 0.5155 0.1635 0.027 0.0579 
4 0.5432 0.1617 0.0268 0.0522 
4 0.5719 0.1784 0.0337 0.0215 
4 0.5192 0.2459 0.0335 0.0513 
4 0.5516 0.2444 0.0308 0.0503 
4 0.5187 0.2988 0.029 0.0526 
4 0.5492 0.2993 0.028 0.0582 
4 0.6509 0.1328 0.0335 0.0281 
4 0.6321 0.1554 0.028 0.0205 
4 0.6674 0.1577 0.0308 0.0218 
4 0.625 0.2431 0.0238 0.0225 
4 0.6486 0.2427 0.0233 0.0271 
4 0.672 0.2414 0.0236 0.0265 
4 0.6729 0.2655 0.0203 0.0231 
4 0.6476 0.2649 0.0228 0.0218 
4 0.6244 0.2652 0.0231 0.0245 
4 0.6254 0.2897 0.0231 0.0225 
4 0.6481 0.2877 0.0208 0.0218 
4 0.6709 0.2885 0.0179 0.0228 
4 0.6254 0.312 0.0231 0.0222 
4 0.6482 0.3105 0.0196 0.0205 
4 0.6711 0.3102 0.0174 0.0225 
4 0.5193 0.3853 0.0298 0.0476 
4 0.548 0.3861 0.026 0.0473 
4 0.5184 0.4365 0.0283 0.0503 
4 0.5703 0.3733 0.0275 0.0582 
4 0.6171 0.374 0.0273 0.0569 
4 0.6157 0.4307 0.029 0.0592 
4 0.5782 0.4306 0.0315 0.0575 
4 0.5468 0.437 0.0285 0.0526 
4 0.6288 0.5407 0.035 0.0271 
4 0.6577 0.5397 0.0283 0.0251 
4 0.6235 0.5618 0.0303 0.0238 
4 0.6553 0.5622 0.0317 0.0225 
4 0.6248 0.583 0.0308 0.0218 
4 0.6545 0.5823 0.0283 0.0205 
4 0.631 0.6763 0.0288 0.0251 
4 0.6621 0.6772 0.032 0.0231 
4 0.6298 0.6964 0.029 0.0192 
4 0.6598 0.6994 0.0305 0.0192 
4 0.6861 0.6923 0.0196 0.0314 
4 0.6871 0.6602 0.0196 0.0314 
4 0.7099 0.6625 0.0216 0.0314 
4 0.7083 0.6921 0.0193 0.0298 
4 0.7309 0.6905 0.0238 0.0337 
4 0.7567 0.691 0.0218 0.0341 
4 0.8628 0.6915 0.0293 0.0304 
4 0.8344 0.6933 0.0255 0.0248 
4 0.8335 0.6715 0.0231 0.0208 
4 0.8318 0.6485 0.0188 0.0192 
4 0.7773 0.8347 0.0293 0.0271 
4 0.812 0.8385 0.0223 0.0241 
4 0.7448 0.6548 0.0248 0.0377 
4 0.6877 0.6316 0.0213 0.0298 
4 0.7101 0.6339 0.0218 0.0324 
4 0.6809 0.5144 0.0181 0.0347 
4 0.7015 0.5132 0.0216 0.0344 
4 0.6803 0.5468 0.0188 0.0314 
4 0.702 0.5475 0.0221 0.0321 
4 0.6798 0.579 0.0203 0.0317 
4 0.7014 0.5792 0.0213 0.0301 
4 0.8687 0.5784 0.0275 0.0238 
4 0.8704 0.5546 0.0305 0.0192 
4 0.8689 0.5341 0.029 0.0218 
4 0.8299 0.5294 0.0268 0.0251 
4 0.8353 0.5541 0.0322 0.0182 
4 0.8487 0.4478 0.0228 0.0284 
4 0.8729 0.4471 0.0255 0.0278 
4 0.8506 0.4196 0.027 0.0278 
4 0.8687 0.4188 0.0156 0.0241 
4 0.8425 0.394 0.0179 0.0261 
4 0.8653 0.3947 0.0223 0.0248 
4 0.8439 0.3679 0.0211 0.0261 
4 0.8648 0.3702 0.0184 0.0288 
4 0.8605 0.3092 0.0216 0.0278 
4 0.8631 0.2829 0.0243 0.0255 
4 0.8526 0.2555 0.0231 0.0248 
4 0.8818 0.2573 0.0216 0.0258 
4 0.8831 0.2831 0.0206 0.0238 
4 0.8791 0.3089 0.0196 0.0271 
4 0.6972 0.3843 0.0228 0.0298 
4 0.719 0.3843 0.0184 0.0317 
4 0.7006 0.4153 0.0233 0.0331 
4 0.7195 0.4177 0.0184 0.0265 
4 0.6992 0.4459 0.0203 0.0314 
4 0.7168 0.4469 0.0184 0.0294 
4 0.7044 0.3089 0.0223 0.0337 
4 0.7259 0.3061 0.0203 0.0268 
4 0.7056 0.2735 0.0198 0.0331 
4 0.7263 0.2738 0.0211 0.0317 
4 0.7066 0.244 0.0198 0.0344 
4 0.7259 0.2421 0.0203 0.0311 
4 0.7112 0.14 0.0206 0.0321 
4 0.7103 0.1716 0.0238 0.0304 
4 0.7315 0.1728 0.0211 0.0327 
4 0.8683 0.1434 0.0228 0.0321 
4 0.8935 0.1437 0.0236 0.0255 
4 0.8673 0.1729 0.0198 0.0218 
4 0.8921 0.171 0.0228 0.0231 
4 0.6462 0.1776 0.034 0.0218 
64 0.7955 0.4453 0.0265 0.0301 
64 0.8223 0.4456 0.0265 0.0301 
64 0.8183 0.4132 0.0265 0.0301 
64 0.7918 0.4148 0.0265 0.0301 
64 0.791 0.3861 0.0265 0.0301 
64 0.8178 0.3844 0.0265 0.0301 
64 0.7891 0.5504 0.0265 0.0301 
64 0.7886 0.5799 0.0265 0.0301 
64 0.8156 0.5792 0.0265 0.0301 
64 0.8431 0.5809 0.0265 0.0301 
64 0.7886 0.5064 0.0265 0.0301 
64 0.8163 0.308 0.0265 0.0301 
64 0.8178 0.2812 0.0265 0.0301 
64 0.8191 0.2525 0.0265 0.0301 
64 0.8421 0.1715 0.0265 0.0301 
64 0.8129 0.1715 0.0265 0.0301 
64 0.8126 0.141 0.0265 0.0301 
64 0.8441 0.1394 0.0265 0.0301 
56 0.921 0.307 0.0241 0.0301 
56 0.9222 0.2763 0.0241 0.0301 
56 0.9245 0.2465 0.0241 0.0301 
56 0.9478 0.2436 0.0241 0.0301 
56 0.9473 0.277 0.0241 0.0301 
56 0.9448 0.3084 0.0241 0.0301 
56 0.8977 0.3881 0.0241 0.0301 
56 0.924 0.3861 0.0241 0.0301 
56 0.9252 0.4162 0.0241 0.0301 
56 0.9245 0.4469 0.0241 0.0301 
56 0.9002 0.5236 0.0241 0.0301 
56 0.9277 0.5243 0.0241 0.0301 
56 0.9262 0.5524 0.0241 0.0301 
56 0.8997 0.5534 0.0241 0.0301 
56 0.8992 0.5789 0.0241 0.0301 
56 0.9247 0.5812 0.0241 0.0301 
56 0.9242 0.5805 0.0241 0.0301 
64 0.7852 0.6412 0.0228 0.0298 
64 0.8108 0.6415 0.0228 0.0298 
64 0.8108 0.67 0.0228 0.0298 
64 0.8103 0.6964 0.0228 0.0298 
64 0.7867 0.6987 0.0228 0.0298 
64 0.7872 0.6706 0.0228 0.0298 
