4 0.4541 0.4405 0.0496 0.0397 
4 0.453 0.4821 0.0474 0.0351 
4 0.4541 0.5114 0.0496 0.0387 
4 0.4521 0.5503 0.0456 0.0351 
4 0.5022 0.5483 0.0432 0.0351 
4 0.501 0.5124 0.0471 0.0341 
4 0.5103 0.4752 0.0464 0.0384 
4 0.5046 0.4319 0.0449 0.0331 
4 0.503 0.3983 0.0417 0.0341 
4 0.4562 0.4005 0.0439 0.0344 
4 0.4514 0.3168 0.0506 0.0351 
4 0.5073 0.3211 0.0489 0.0417 
4 0.5041 0.2788 0.0503 0.0384 
4 0.4485 0.2806 0.0449 0.0374 
4 0.5077 0.2432 0.0432 0.0288 
4 0.4598 0.2404 0.0481 0.0278 
4 0.4602 0.209 0.0345 0.0225 
4 0.5105 0.2105 0.0439 0.0341 
4 0.5107 0.17 0.0456 0.0364 
4 0.4602 0.1695 0.0424 0.0354 
4 0.6622 0.0858 0.0496 0.036 
4 0.719 0.0863 0.0432 0.0351 
4 0.559 0.0408 0.0496 0.0427 
4 0.6086 0.087 0.0561 0.0384 
4 0.5526 0.0856 0.0526 0.0384 
4 0.4897 0.0942 0.0489 0.0384 
4 0.4519 0.0954 0.0352 0.0341 
4 0.4733 0.6609 0.0335 0.0341 
4 0.5146 0.6614 0.0377 0.0331 
4 0.5806 0.7168 0.0382 0.046 
4 0.4694 0.746 0.0449 0.0384 
4 0.525 0.839 0.0312 0.0364 
4 0.4774 0.85 0.0417 0.0288 
4 0.4721 0.9279 0.028 0.0522 
4 0.5062 0.9274 0.0367 0.0552 
4 0.5641 0.2303 0.0489 0.0354 
4 0.5614 0.2773 0.0513 0.0354 
4 0.6162 0.2751 0.0489 0.0417 
4 0.6626 0.2379 0.0503 0.0374 
4 0.6698 0.2758 0.0503 0.0384 
4 0.6706 0.3137 0.0471 0.0374 
4 0.5585 0.3156 0.0471 0.0354 
4 0.7134 0.2746 0.032 0.0407 
4 0.7046 0.2368 0.0303 0.0311 
4 0.7134 0.314 0.032 0.0427 
31 0.8811 0.3902 0.0424 0.0331 
31 0.8782 0.4254 0.0417 0.0374 
31 0.8874 0.464 0.0506 0.037 
31 0.8881 0.5007 0.0471 0.0364 
31 0.8955 0.5392 0.0503 0.0407 
31 0.8421 0.5365 0.0384 0.0308 
31 0.8418 0.4977 0.0407 0.0384 
31 0.831 0.4613 0.0305 0.0317 
31 0.8342 0.4239 0.032 0.0344 
31 0.8294 0.3871 0.0273 0.0308 
31 0.8549 0.3099 0.0496 0.0364 
31 0.9201 0.3135 0.0521 0.0417 
31 0.9198 0.2687 0.0513 0.0354 
31 0.905 0.2313 0.0441 0.0374 
31 0.9102 0.1973 0.0561 0.0394 
31 0.8534 0.1963 0.0446 0.0354 
31 0.8574 0.2368 0.0481 0.0331 
31 0.8543 0.2751 0.0464 0.0351 
31 0.8978 0.0403 0.0585 0.0437 
31 0.881 0.0847 0.0407 0.0384 
31 0.9289 0.0852 0.0489 0.0394 
31 0.9066 0.6447 0.0474 0.0427 
31 0.8694 0.6901 0.0449 0.0417 
31 0.9098 0.6825 0.0375 0.0331 
31 0.9094 0.7135 0.0335 0.0268 
31 0.9081 0.745 0.036 0.0344 
31 0.8686 0.7599 0.0481 0.0364 
31 0.871 0.7295 0.0446 0.0311 
31 0.8478 0.6329 0.0479 0.0364 
31 0.8513 0.9221 0.0503 0.0579 
32 0.7111 0.6171 0.0481 0.0403 
32 0.7106 0.6521 0.0471 0.0364 
32 0.709 0.6868 0.0409 0.0351 
32 0.6373 0.3902 0.0414 0.0311 
32 0.683 0.3919 0.0437 0.0351 
32 0.6379 0.4231 0.0466 0.0334 
32 0.6899 0.4284 0.0444 0.0314 
32 0.6381 0.4562 0.0456 0.0327 
32 0.6859 0.4631 0.0484 0.0347 
32 0.6871 0.4944 0.0469 0.0298 
32 0.6395 0.496 0.0459 0.0397 
32 0.6403 0.5324 0.0459 0.0364 
32 0.6866 0.5293 0.0434 0.0367 
32 0.5732 0.5041 0.0451 0.0394 
32 0.6602 0.6106 0.0412 0.0228 
32 0.6611 0.6386 0.0459 0.0377 
32 0.6585 0.6691 0.0456 0.0334 
32 0.6643 0.7123 0.0469 0.043 
32 0.6642 0.7475 0.0432 0.0354 
32 0.719 0.7644 0.0486 0.0473 
32 0.7107 0.7179 0.0444 0.0337 
32 0.6597 0.8603 0.0451 0.0473 
32 0.6629 0.901 0.0536 0.0341 
32 0.6577 0.9272 0.0451 0.0377 
32 0.6952 0.8995 0.0288 0.0238 
32 0.697 0.874 0.0285 0.0172 
32 0.6975 0.8446 0.026 0.0212 
33 0.5649 0.9031 0.0454 0.0311 
33 0.6125 0.9038 0.0479 0.0298 
33 0.614 0.8717 0.0444 0.0317 
33 0.5663 0.8712 0.0474 0.0321 
33 0.5635 0.8398 0.0441 0.0374 
33 0.6132 0.8366 0.0439 0.0337 
33 0.5725 0.7614 0.0439 0.0367 
33 0.6218 0.7556 0.0446 0.043 
33 0.5606 0.6701 0.0404 0.0281 
33 0.6032 0.671 0.0382 0.0265 
33 0.6016 0.6415 0.0389 0.0271 
33 0.6039 0.6136 0.0372 0.0301 
33 0.559 0.6138 0.0402 0.0271 
33 0.5596 0.6424 0.0365 0.0255 
33 0.5787 0.543 0.0399 0.0331 
33 0.5476 0.4529 0.0387 0.0314 
33 0.5885 0.4539 0.0382 0.0347 
33 0.5928 0.4191 0.0387 0.0347 
33 0.5428 0.4957 0.0216 0.0284 
33 0.5429 0.5304 0.0317 0.0324 
33 0.5472 0.3819 0.029 0.0205 
33 0.5872 0.3833 0.0305 0.0231 
30 0.7509 0.2359 0.0484 0.0367 
30 0.8058 0.2351 0.0516 0.0417 
30 0.7533 0.2756 0.0484 0.04 
30 0.8046 0.2731 0.0501 0.0397 
30 0.7555 0.3127 0.0476 0.0354 
30 0.8037 0.3125 0.0508 0.0377 
30 0.7713 0.2062 0.0476 0.0261 
28 0.756 0.8428 0.0432 0.04 
28 0.8073 0.8441 0.0456 0.0374 
28 0.8033 0.8757 0.0437 0.0304 
28 0.7562 0.8785 0.0437 0.0294 
28 0.755 0.9112 0.0441 0.0308 
28 0.8007 0.9099 0.0439 0.0314 
28 0.7542 0.9421 0.0427 0.0311 
28 0.8005 0.9408 0.0434 0.0304 
28 0.7623 0.7576 0.0444 0.0456 
28 0.814 0.7598 0.0516 0.0486 
28 0.763 0.7123 0.0419 0.0331 
28 0.8021 0.6984 0.0362 0.0284 
28 0.8028 0.6695 0.0357 0.0321 
28 0.7999 0.6349 0.0357 0.0304 
28 0.7571 0.6505 0.0394 0.0317 
28 0.7605 0.6149 0.0389 0.0327 
28 0.8046 0.6076 0.0352 0.0182 
28 0.7484 0.5465 0.0459 0.0354 
28 0.798 0.5435 0.0459 0.038 
28 0.7483 0.5093 0.0456 0.0377 
28 0.7982 0.506 0.0464 0.0357 
28 0.7872 0.464 0.0427 0.0344 
28 0.7412 0.4683 0.0434 0.0278 
28 0.7485 0.433 0.0377 0.0235 
28 0.7941 0.4292 0.0342 0.0245 
28 0.7954 0.3943 0.0332 0.0294 
28 0.7486 0.3981 0.0365 0.0284 
41 0.9788 0.0417 0.0399 0.0351 
41 0.9784 0.083 0.0432 0.0377 
41 0.9797 0.1551 0.0407 0.0324 
41 0.9762 0.1926 0.0476 0.0354 
41 0.9756 0.232 0.0489 0.036 
41 0.9727 0.2698 0.0481 0.0384 
41 0.973 0.31 0.0427 0.0341 
41 0.9447 0.4301 0.0367 0.0261 
41 0.9406 0.4648 0.034 0.0228 
41 0.9366 0.4977 0.037 0.0245 
41 0.9405 0.5331 0.0362 0.0258 
41 0.9846 0.5002 0.0298 0.0288 
41 0.986 0.4618 0.0255 0.0274 
41 0.9895 0.4282 0.0211 0.0265 
41 0.9432 0.606 0.0327 0.0188 
41 0.9453 0.6372 0.028 0.0271 
41 0.9452 0.6695 0.0298 0.0268 
41 0.9586 0.712 0.0496 0.041 
41 0.9845 0.6311 0.031 0.0268 
41 0.9833 0.664 0.0335 0.0284 
41 0.9565 0.7488 0.0464 0.0301 
41 0.9168 0.8294 0.0419 0.0265 
41 0.933 0.8748 0.0461 0.0407 
41 0.9487 0.9269 0.0456 0.045 
41 0.9592 0.8292 0.035 0.0314 
41 0.9774 0.8733 0.0362 0.0503 
41 0.9861 0.9226 0.0278 0.043 
