4 0.395 0.1377 0.031 0.0222 
4 0.4239 0.1366 0.0293 0.0225 
4 0.3937 0.1582 0.03 0.0188 
4 0.4239 0.1609 0.0308 0.0222 
4 0.4525 0.1151 0.029 0.0205 
4 0.4833 0.1159 0.0285 0.0235 
4 0.4547 0.1396 0.027 0.0225 
4 0.4852 0.1399 0.0275 0.0212 
4 0.457 0.1619 0.029 0.0228 
4 0.485 0.1622 0.0216 0.0162 
4 0.3979 0.2006 0.0241 0.0155 
4 0.426 0.2027 0.0241 0.0179 
4 0.457 0.2024 0.0231 0.0152 
4 0.486 0.2024 0.0246 0.0172 
4 0.3957 0.2206 0.03 0.0225 
4 0.4257 0.2211 0.028 0.0222 
4 0.4557 0.2222 0.0241 0.0198 
4 0.4847 0.223 0.026 0.0195 
4 0.3981 0.2449 0.0248 0.0169 
4 0.4857 0.2447 0.0241 0.0185 
4 0.4536 0.2452 0.0248 0.0162 
4 0.4258 0.2442 0.0213 0.0162 
4 0.3992 0.265 0.0231 0.0155 
4 0.4276 0.2667 0.0203 0.0155 
4 0.455 0.2684 0.0241 0.0188 
4 0.4843 0.2667 0.0241 0.0155 
4 0.4843 0.2884 0.028 0.0231 
4 0.4561 0.2884 0.0263 0.0231 
4 0.4289 0.2874 0.0241 0.0212 
4 0.4007 0.2867 0.0275 0.0198 
4 0.4643 0.3318 0.0263 0.0228 
4 0.4735 0.3563 0.0268 0.0228 
4 0.4583 0.3753 0.0253 0.0218 
4 0.4872 0.3791 0.0236 0.0195 
4 0.4878 0.3988 0.0233 0.0179 
4 0.4586 0.3993 0.0238 0.0162 
4 0.4597 0.4193 0.0236 0.0185 
4 0.4864 0.4205 0.0228 0.0195 
4 0.4023 0.4177 0.0268 0.0238 
4 0.4322 0.4178 0.029 0.0255 
4 0.4112 0.3919 0.0258 0.0245 
4 0.4349 0.3914 0.0216 0.0241 
4 0.3788 0.4897 0.0255 0.0443 
4 0.3792 0.5233 0.0248 0.0281 
4 0.3508 0.521 0.0265 0.0308 
4 0.3762 0.6225 0.0253 0.0314 
4 0.3527 0.6141 0.0213 0.0351 
4 0.4315 0.4597 0.0243 0.0192 
4 0.4649 0.4575 0.0196 0.0122 
4 0.4905 0.459 0.0221 0.0179 
4 0.4907 0.4785 0.0206 0.0179 
4 0.4045 0.4818 0.0258 0.0212 
4 0.4325 0.484 0.0263 0.0255 
4 0.4608 0.481 0.0258 0.0261 
4 0.4866 0.5041 0.0248 0.0222 
4 0.4592 0.5051 0.0275 0.0202 
4 0.4332 0.506 0.026 0.0218 
4 0.4067 0.5035 0.0258 0.0188 
4 0.4056 0.523 0.0305 0.0202 
4 0.434 0.5241 0.0243 0.0179 
4 0.4592 0.5263 0.0236 0.0202 
4 0.4878 0.527 0.0233 0.0188 
4 0.488 0.5483 0.0236 0.0218 
4 0.4592 0.5453 0.026 0.0212 
4 0.4324 0.5437 0.0236 0.0212 
4 0.4064 0.5428 0.025 0.0208 
4 0.1784 0.6839 0.0315 0.0205 
4 0.129 0.6984 0.0203 0.0251 
4 0.2169 0.7264 0.0221 0.0308 
4 0.4007 0.588 0.025 0.0238 
4 0.4281 0.5911 0.0248 0.0241 
4 0.457 0.5914 0.0265 0.0235 
4 0.4844 0.5944 0.0243 0.0228 
4 0.4855 0.6138 0.0241 0.0212 
4 0.4561 0.6119 0.0288 0.0202 
4 0.4289 0.6111 0.0241 0.0172 
4 0.4015 0.6116 0.0248 0.0162 
4 0.4014 0.6303 0.0236 0.0179 
4 0.4287 0.6306 0.0226 0.0185 
4 0.4576 0.6323 0.0253 0.0205 
4 0.485 0.6334 0.0255 0.0195 
4 0.4861 0.6524 0.0268 0.0218 
4 0.457 0.6513 0.0265 0.0195 
4 0.4303 0.6491 0.0253 0.0218 
4 0.4014 0.6491 0.0236 0.0185 
4 0.6839 0.7872 0.028 0.0255 
4 0.6746 0.6572 0.0253 0.0228 
4 0.7011 0.6561 0.0218 0.0172 
4 0.6775 0.6372 0.026 0.0172 
4 0.7036 0.6396 0.0243 0.0212 
4 0.6771 0.6179 0.0243 0.0202 
4 0.7042 0.6187 0.0255 0.0238 
4 0.7307 0.6596 0.0273 0.0228 
4 0.7356 0.6382 0.0293 0.0218 
4 0.7576 0.6584 0.026 0.0238 
4 0.6891 0.5527 0.029 0.0281 
4 0.7397 0.5489 0.026 0.0238 
4 0.7882 0.6657 0.0268 0.0225 
4 0.817 0.6673 0.0243 0.0212 
4 0.7891 0.6481 0.028 0.0185 
4 0.817 0.6486 0.0243 0.0175 
4 0.8187 0.6283 0.0248 0.0212 
4 0.818 0.6075 0.0263 0.0205 
4 0.7876 0.6063 0.0265 0.0175 
4 0.7886 0.6281 0.0285 0.0202 
4 0.8017 0.5559 0.0241 0.0218 
4 0.8296 0.557 0.0268 0.0248 
4 0.6918 0.4955 0.0285 0.0222 
4 0.6808 0.521 0.0293 0.0202 
4 0.7077 0.5198 0.028 0.0198 
4 0.7396 0.4673 0.0223 0.0159 
4 0.7671 0.4673 0.0248 0.0159 
4 0.738 0.4843 0.0265 0.0182 
4 0.7651 0.4868 0.0263 0.0212 
4 0.7914 0.4838 0.0268 0.0225 
4 0.8202 0.4854 0.0268 0.0218 
4 0.8214 0.5051 0.0268 0.0222 
4 0.8201 0.5241 0.0241 0.0192 
4 0.8624 0.519 0.0312 0.0248 
4 0.7943 0.5055 0.0285 0.0195 
4 0.7933 0.5253 0.0255 0.0222 
4 0.7661 0.5433 0.0253 0.0205 
4 0.7654 0.5235 0.0243 0.0212 
4 0.7662 0.505 0.03 0.0172 
4 0.7369 0.5038 0.0303 0.0195 
4 0.7357 0.5231 0.0285 0.0179 
4 0.8881 0.5372 0.0278 0.0274 
4 0.887 0.5575 0.028 0.0218 
4 0.8596 0.5398 0.0268 0.0188 
4 0.8584 0.56 0.0268 0.0222 
4 0.8449 0.6139 0.0231 0.0228 
4 0.8721 0.6133 0.0255 0.0195 
4 0.869 0.6331 0.0278 0.0155 
4 0.8699 0.6508 0.026 0.0172 
4 0.8686 0.6687 0.0228 0.0172 
4 0.843 0.6303 0.0228 0.0179 
4 0.8424 0.6516 0.0216 0.0155 
4 0.841 0.668 0.0203 0.0152 
4 0.822 0.7674 0.028 0.0248 
4 0.8529 0.772 0.0312 0.0202 
4 0.9007 0.67 0.03 0.0212 
4 0.932 0.67 0.0268 0.0192 
4 0.9044 0.6518 0.027 0.0172 
4 0.9328 0.6546 0.0268 0.0195 
4 0.9344 0.6333 0.0211 0.0179 
4 0.938 0.6161 0.0273 0.0172 
4 0.9391 0.599 0.0265 0.0136 
4 0.9116 0.5995 0.0255 0.0112 
4 0.9094 0.6152 0.0285 0.0202 
4 0.9071 0.6334 0.028 0.0195 
4 0.9639 0.6729 0.0255 0.0185 
4 0.965 0.6518 0.0317 0.0238 
4 0.9685 0.6331 0.0273 0.0169 
4 0.9707 0.6144 0.0268 0.0205 
4 0.9447 0.5584 0.0278 0.0268 
4 0.9763 0.5651 0.026 0.0238 
4 0.9792 0.5437 0.0278 0.0225 
4 0.9813 0.5203 0.0335 0.0255 
4 0.87 0.3557 0.0303 0.0222 
4 0.862 0.3752 0.033 0.0222 
4 0.9301 0.3919 0.0317 0.0245 
4 0.9515 0.3869 0.0171 0.0212 
4 0.9235 0.4105 0.03 0.0215 
4 0.9464 0.4092 0.0248 0.0202 
4 0.9213 0.433 0.028 0.0235 
4 0.9469 0.4306 0.0208 0.0218 
4 0.9783 0.3856 0.026 0.0238 
4 0.9857 0.4109 0.026 0.0222 
4 0.9841 0.4342 0.0278 0.0225 
4 0.9632 0.2986 0.027 0.0192 
4 0.9623 0.276 0.0263 0.0202 
4 0.9643 0.2536 0.0273 0.0198 
4 0.9686 0.2328 0.027 0.0218 
4 0.9704 0.1683 0.026 0.0172 
4 0.9359 0.1693 0.0295 0.0205 
4 0.9337 0.2305 0.0325 0.0238 
4 0.9298 0.2521 0.0352 0.0255 
4 0.9273 0.2755 0.0322 0.0212 
4 0.9263 0.2963 0.0308 0.0238 
34 0.1672 0.2376 0.0233 0.0208 
34 0.1664 0.2598 0.0233 0.0208 
34 0.1662 0.2812 0.0233 0.0208 
34 0.1396 0.2799 0.0233 0.0208 
34 0.1391 0.2581 0.0233 0.0208 
34 0.1389 0.2369 0.0233 0.0208 
34 0.1389 0.2158 0.0233 0.0208 
34 0.1659 0.2161 0.0233 0.0208 
34 0.158 0.1572 0.0233 0.0208 
34 0.1314 0.1572 0.0233 0.0208 
34 0.1293 0.1346 0.029 0.0258 
34 0.1589 0.1346 0.029 0.0258 
34 0.1808 0.3247 0.0298 0.0231 
34 0.1818 0.3439 0.0298 0.0231 
34 0.1567 0.3459 0.0298 0.0231 
34 0.1543 0.3241 0.0298 0.0231 
34 0.1689 0.3896 0.0298 0.0231 
34 0.1684 0.4097 0.0298 0.0231 
34 0.1419 0.4101 0.0298 0.0231 
34 0.1401 0.3899 0.0298 0.0231 
34 0.1601 0.4759 0.0275 0.0231 
34 0.1864 0.4764 0.0231 0.0222 
34 0.1849 0.4979 0.0231 0.0222 
34 0.1881 0.5157 0.0231 0.0222 
34 0.1606 0.497 0.027 0.0212 
34 0.1621 0.5169 0.027 0.0212 
34 0.1628 0.5374 0.027 0.0212 
34 0.1886 0.5384 0.027 0.0212 
34 0.1946 0.5985 0.027 0.0212 
34 0.169 0.6187 0.027 0.0212 
34 0.1936 0.6204 0.027 0.0212 
34 0.1956 0.6412 0.027 0.0212 
34 0.169 0.6389 0.027 0.0212 
34 0.1684 0.5964 0.0243 0.0268 
