4 0.0114 0.6493 0.0193 0.0268 
4 0.0129 0.6746 0.0149 0.0265 
4 0.0146 0.7019 0.0164 0.0261 
4 0.2335 0.6915 0.0196 0.0403 
4 0.2486 0.648 0.0166 0.0341 
4 0.277 0.646 0.0213 0.0354 
4 0.2871 0.6827 0.0226 0.0241 
4 0.2857 0.7032 0.0213 0.0241 
4 0.3119 0.6809 0.0206 0.0251 
4 0.3127 0.705 0.0193 0.0192 
4 0.3942 0.6648 0.0171 0.0341 
4 0.4515 0.6949 0.0255 0.0281 
4 0.3915 0.6986 0.0136 0.0308 
4 0.4074 0.6994 0.0181 0.0311 
4 0.4751 0.643 0.0171 0.0294 
4 0.4955 0.6437 0.0188 0.0314 
4 0.4762 0.6721 0.0174 0.0281 
4 0.496 0.6726 0.0179 0.0231 
4 0.4761 0.7017 0.0191 0.0304 
4 0.4958 0.7021 0.0184 0.0311 
4 0.2569 0.5764 0.0198 0.0304 
4 0.2675 0.5956 0.0236 0.0238 
4 0.2943 0.5936 0.025 0.0238 
4 0.2897 0.5306 0.0218 0.0228 
4 0.3146 0.5291 0.0206 0.0198 
4 0.2897 0.5491 0.0223 0.0169 
4 0.3161 0.5473 0.0221 0.0159 
4 0.2891 0.5673 0.0196 0.0188 
4 0.315 0.566 0.0213 0.0175 
4 0.3782 0.5759 0.0263 0.0208 
4 0.379 0.5944 0.0263 0.0182 
4 0.4064 0.5752 0.0285 0.0175 
4 0.4059 0.5936 0.026 0.0192 
4 0.4271 0.5823 0.0164 0.0304 
4 0.4621 0.5276 0.0213 0.0274 
4 0.4834 0.5263 0.0193 0.0281 
4 0.4624 0.5577 0.0166 0.0294 
4 0.4824 0.5589 0.0193 0.0344 
4 0.4635 0.588 0.0179 0.0304 
4 0.484 0.5916 0.0196 0.0317 
4 0.3719 0.7986 0.027 0.0351 
4 0.3999 0.7953 0.0221 0.0311 
4 0.3483 0.7814 0.0265 0.0364 
4 0.4437 0.7723 0.0308 0.0241 
4 0.0388 0.7946 0.0315 0.0271 
4 0.4676 0.422 0.0295 0.041 
4 0.499 0.4233 0.0248 0.043 
4 0.4694 0.455 0.029 0.0271 
4 0.4999 0.4575 0.0231 0.0248 
4 0.419 0.4752 0.0255 0.0172 
4 0.4438 0.4735 0.0221 0.0172 
4 0.4209 0.459 0.0278 0.0238 
4 0.4431 0.4555 0.0216 0.0188 
4 0.4235 0.4064 0.0201 0.0172 
4 0.424 0.4241 0.0255 0.0188 
4 0.424 0.4406 0.0255 0.0175 
4 0.3965 0.4018 0.0226 0.0172 
4 0.3967 0.4193 0.0241 0.0205 
4 0.391 0.4367 0.028 0.0188 
4 0.391 0.4562 0.025 0.0208 
4 0.3907 0.476 0.0241 0.0215 
4 0.3662 0.4745 0.025 0.0225 
4 0.2806 0.3945 0.0216 0.0205 
4 0.3061 0.3953 0.0223 0.0215 
4 0.2808 0.414 0.0213 0.0179 
4 0.3062 0.4148 0.025 0.0208 
4 0.2824 0.4317 0.025 0.0188 
4 0.3044 0.432 0.0161 0.0162 
4 0.302 0.4522 0.0176 0.0188 
4 0.2996 0.4721 0.0179 0.0202 
4 0.2769 0.4516 0.0221 0.0188 
4 0.278 0.4739 0.0228 0.0238 
4 0.2541 0.4732 0.0246 0.0231 
4 0.2324 0.393 0.0193 0.0241 
4 0.2335 0.417 0.0211 0.0238 
4 0.2354 0.4418 0.0184 0.0238 
4 0.236 0.4679 0.0186 0.0265 
4 0.2829 0.1584 0.0206 0.0298 
4 0.2624 0.1893 0.0203 0.0301 
4 0.2314 0.2072 0.0308 0.0215 
4 0.2339 0.2273 0.0283 0.0169 
4 0.3595 0.224 0.0231 0.0301 
4 0.3807 0.2224 0.0164 0.0274 
4 0.2164 0.287 0.0265 0.0218 
4 0.246 0.2897 0.0273 0.0245 
4 0.2164 0.3104 0.029 0.0228 
4 0.2454 0.309 0.0265 0.0188 
4 0.2183 0.3285 0.0278 0.0155 
4 0.2457 0.3299 0.0265 0.0195 
4 0.2178 0.3477 0.0253 0.0202 
4 0.2457 0.3487 0.0265 0.0202 
4 0.27 0.3112 0.0226 0.0291 
4 0.2892 0.3107 0.0193 0.0301 
4 0.2701 0.3414 0.0203 0.0308 
4 0.2896 0.3442 0.0156 0.0298 
4 0.3602 0.2854 0.0196 0.0298 
4 0.3597 0.3143 0.0221 0.0288 
4 0.38 0.3145 0.0184 0.0298 
4 0.3585 0.3442 0.0211 0.0291 
4 0.3814 0.3449 0.0198 0.0284 
4 0.4033 0.2803 0.0288 0.0321 
4 0.4325 0.2806 0.0278 0.0321 
4 0.4038 0.3123 0.0283 0.0301 
4 0.432 0.3132 0.0278 0.0311 
4 0.4051 0.3438 0.026 0.0288 
4 0.432 0.3429 0.0263 0.0284 
4 0.4575 0.2961 0.0241 0.04 
4 0.4913 0.2943 0.0258 0.037 
4 0.4625 0.3292 0.0258 0.0274 
4 0.4909 0.3289 0.025 0.0268 
4 0.4038 0.1925 0.0283 0.0271 
4 0.4317 0.1933 0.029 0.0301 
4 0.4017 0.2226 0.026 0.0317 
4 0.4277 0.2229 0.028 0.0311 
4 0.4612 0.1754 0.025 0.0433 
4 0.4907 0.1753 0.0221 0.0397 
4 0.4594 0.2181 0.0295 0.042 
4 0.4928 0.2166 0.0263 0.0417 
4 0.5259 0.1556 0.0231 0.0222 
4 0.5496 0.1559 0.0223 0.0261 
4 0.5257 0.1801 0.0236 0.0208 
4 0.5499 0.1786 0.0238 0.0192 
4 0.5257 0.2029 0.0226 0.0202 
4 0.5481 0.2029 0.0223 0.0202 
4 0.5244 0.2257 0.0211 0.0228 
4 0.5487 0.2255 0.0221 0.0205 
4 0.5211 0.2976 0.0218 0.0212 
4 0.5418 0.2975 0.0196 0.0228 
4 0.5216 0.3216 0.0248 0.0222 
4 0.5419 0.3228 0.0203 0.0245 
4 0.5193 0.3452 0.0193 0.0218 
4 0.5403 0.3456 0.0191 0.0245 
4 0.6249 0.1701 0.0191 0.0248 
4 0.6481 0.1668 0.0203 0.0241 
4 0.6251 0.1949 0.0206 0.0235 
4 0.6481 0.1959 0.0184 0.0248 
4 0.6256 0.2194 0.0186 0.0268 
4 0.6481 0.2201 0.0188 0.0268 
4 0.6719 0.2196 0.0203 0.0245 
4 0.693 0.2184 0.0218 0.0281 
4 0.7171 0.192 0.0231 0.0281 
4 0.7391 0.1923 0.0208 0.0281 
4 0.7174 0.2192 0.0236 0.0265 
4 0.7403 0.2168 0.0203 0.0268 
4 0.7633 0.1992 0.0275 0.0215 
4 0.7633 0.2221 0.0221 0.0182 
4 0.7907 0.2007 0.0273 0.0251 
4 0.7902 0.2207 0.0248 0.0215 
4 0.8186 0.2014 0.025 0.0284 
4 0.8498 0.2035 0.029 0.0255 
4 0.8808 0.1731 0.0231 0.0248 
4 0.8819 0.1987 0.0233 0.0218 
4 0.9046 0.1949 0.026 0.0248 
4 0.8823 0.2206 0.0206 0.0245 
4 0.905 0.2201 0.0193 0.0208 
4 0.869 0.3175 0.0248 0.0284 
4 0.8884 0.3137 0.0203 0.0255 
4 0.8766 0.339 0.0206 0.0251 
4 0.8989 0.3386 0.0216 0.0245 
4 0.8289 0.2937 0.0193 0.0377 
4 0.8343 0.3328 0.0258 0.0407 
4 0.8077 0.2925 0.0216 0.0394 
4 0.8074 0.3318 0.0211 0.0427 
4 0.7636 0.2783 0.0293 0.0208 
4 0.7901 0.2822 0.0206 0.0195 
4 0.767 0.3001 0.027 0.0202 
4 0.7884 0.3003 0.0188 0.0205 
4 0.7883 0.3223 0.0221 0.0195 
4 0.7653 0.3204 0.0275 0.0165 
4 0.7653 0.3413 0.029 0.0218 
4 0.7871 0.3433 0.0211 0.0212 
4 0.7422 0.2905 0.0206 0.0228 
4 0.7185 0.2894 0.0213 0.0238 
4 0.6954 0.2908 0.0228 0.0255 
4 0.669 0.2902 0.0196 0.0301 
4 0.6474 0.2913 0.0196 0.0265 
4 0.6229 0.2918 0.0211 0.0255 
4 0.6219 0.3186 0.0231 0.0235 
4 0.6458 0.3193 0.0218 0.0248 
4 0.6693 0.3176 0.0226 0.0261 
4 0.6922 0.3155 0.0213 0.0238 
4 0.718 0.3158 0.0188 0.0212 
4 0.7408 0.3143 0.0208 0.0241 
4 0.6208 0.3421 0.0203 0.0248 
4 0.6447 0.3419 0.0221 0.0251 
4 0.6677 0.3406 0.0238 0.0284 
4 0.6921 0.3414 0.0216 0.0281 
4 0.718 0.3406 0.0208 0.0251 
4 0.7413 0.3409 0.0188 0.0278 
4 0.6305 0.3996 0.0243 0.0268 
4 0.6699 0.3962 0.0233 0.0291 
4 0.6932 0.398 0.0188 0.0274 
4 0.7181 0.3967 0.0206 0.0274 
4 0.7457 0.4215 0.0206 0.0241 
4 0.7235 0.4218 0.0188 0.0248 
4 0.6985 0.4236 0.0221 0.0238 
4 0.6756 0.4228 0.0198 0.0241 
4 0.6548 0.4238 0.0169 0.0215 
4 0.6326 0.4238 0.0201 0.0241 
4 0.6327 0.4486 0.0203 0.0222 
4 0.6544 0.4473 0.0166 0.0228 
4 0.6765 0.4464 0.0181 0.0218 
4 0.6975 0.4476 0.0186 0.0235 
4 0.7214 0.4487 0.0231 0.0238 
4 0.7462 0.4476 0.0196 0.0222 
4 0.745 0.4721 0.0179 0.0235 
4 0.7667 0.4711 0.0231 0.0208 
4 0.7914 0.4716 0.0283 0.0218 
4 0.8121 0.3861 0.0226 0.0175 
4 0.8378 0.3879 0.0238 0.0205 
4 0.8368 0.4081 0.0248 0.0185 
4 0.8113 0.4064 0.0238 0.0192 
4 0.8201 0.4294 0.0206 0.0195 
4 0.85 0.4302 0.0243 0.0192 
4 0.8477 0.4502 0.0218 0.0202 
4 0.8191 0.4504 0.0226 0.0198 
4 0.8182 0.4719 0.0228 0.0225 
4 0.8457 0.4719 0.0238 0.0205 
4 0.8762 0.4716 0.0253 0.0238 
4 0.8994 0.4706 0.0221 0.0251 
4 0.7211 0.4722 0.0231 0.0231 
4 0.6982 0.4717 0.0198 0.0241 
4 0.6761 0.4716 0.0203 0.0245 
4 0.6541 0.4719 0.0191 0.0231 
4 0.6326 0.4724 0.0226 0.0261 
4 0.5706 0.6429 0.0181 0.0284 
4 0.5906 0.644 0.0171 0.0274 
4 0.5714 0.6708 0.0213 0.0274 
4 0.591 0.6715 0.0179 0.0294 
4 0.5707 0.6986 0.0179 0.0281 
4 0.5911 0.6992 0.0191 0.0321 
4 0.9725 0.4349 0.0164 0.0265 
4 0.9664 0.4659 0.0112 0.0212 
4 0.6157 0.5165 0.0231 0.0291 
4 0.6471 0.5407 0.0243 0.0298 
4 0.6147 0.567 0.026 0.0321 
4 0.644 0.5686 0.0265 0.0327 
4 0.6145 0.5949 0.0255 0.0265 
4 0.6432 0.5987 0.0265 0.0268 
4 0.6699 0.5336 0.0179 0.0202 
4 0.6958 0.5327 0.0236 0.0185 
4 0.6687 0.5514 0.0203 0.0195 
4 0.6952 0.5531 0.0223 0.0182 
4 0.669 0.5726 0.0201 0.0208 
4 0.6975 0.5757 0.0236 0.0185 
4 0.6687 0.5956 0.0208 0.0192 
4 0.6959 0.5961 0.0238 0.0241 
4 0.7346 0.5946 0.0273 0.0265 
4 0.7738 0.5594 0.0243 0.0215 
4 0.7753 0.5809 0.0293 0.0195 
4 0.7733 0.5985 0.0288 0.0185 
4 0.8079 0.5122 0.0236 0.0185 
4 0.8361 0.5116 0.0243 0.0198 
4 0.8083 0.5314 0.0213 0.0225 
4 0.8341 0.5341 0.0228 0.0172 
4 0.8072 0.5522 0.0255 0.0205 
4 0.8346 0.5541 0.0253 0.0202 
4 0.8216 0.5775 0.029 0.0215 
4 0.8469 0.5764 0.0285 0.0198 
4 0.8183 0.5992 0.0241 0.0192 
4 0.8455 0.5976 0.0238 0.0165 
4 0.872 0.5972 0.0208 0.0251 
4 0.8935 0.5936 0.0221 0.0258 
4 0.9769 0.5919 0.0283 0.0344 
4 0.9691 0.7022 0.026 0.0367 
4 0.9182 0.6978 0.0223 0.0317 
4 0.9338 0.6605 0.0243 0.0354 
4 0.9444 0.6968 0.0228 0.0344 
4 0.8864 0.6409 0.0258 0.0198 
4 0.8872 0.6581 0.0283 0.0205 
4 0.8867 0.6731 0.0258 0.0182 
4 0.8554 0.6518 0.0268 0.0238 
4 0.8563 0.6701 0.027 0.0241 
4 0.7245 0.6667 0.0213 0.0258 
4 0.7323 0.7037 0.0236 0.0344 
4 0.7467 0.6653 0.0216 0.0265 
4 0.7176 0.6961 0.0141 0.0337 
4 0.6963 0.6415 0.0211 0.0165 
4 0.6979 0.6607 0.0228 0.0212 
4 0.6962 0.6789 0.0263 0.0218 
4 0.6946 0.7006 0.025 0.0235 
4 0.67 0.643 0.0206 0.0202 
4 0.67 0.6615 0.0231 0.0202 
4 0.6711 0.6811 0.0243 0.0195 
4 0.669 0.6994 0.0196 0.0192 
4 0.6443 0.6495 0.0273 0.0284 
4 0.6184 0.649 0.025 0.0321 
4 0.6137 0.6741 0.027 0.0294 
4 0.6442 0.6787 0.025 0.0294 
4 0.6147 0.7012 0.0241 0.0301 
4 0.6436 0.7032 0.0273 0.0308 
4 0.5609 0.8519 0.029 0.0503 
4 0.7078 0.7844 0.0203 0.0324 
4 0.7273 0.7819 0.0241 0.0327 
4 0.7775 0.8075 0.0228 0.0251 
70 0.1672 0.4175 0.0238 0.0274 
70 0.1902 0.4178 0.0238 0.0274 
70 0.1902 0.4449 0.0238 0.0274 
70 0.1664 0.4436 0.0238 0.0274 
70 0.1672 0.4714 0.0238 0.0274 
70 0.1897 0.4711 0.0238 0.0274 
70 0.1887 0.3438 0.0238 0.0274 
70 0.1632 0.3431 0.0238 0.0274 
70 0.1634 0.3189 0.0238 0.0274 
70 0.1873 0.317 0.0238 0.0274 
70 0.187 0.2865 0.0238 0.0274 
70 0.1632 0.2879 0.0238 0.0274 
70 0.2024 0.5934 0.0238 0.0274 
70 0.1776 0.5921 0.0238 0.0274 
70 0.1823 0.6523 0.0238 0.0274 
70 0.2044 0.6503 0.0238 0.0274 
70 0.2061 0.6748 0.0238 0.0274 
70 0.1815 0.6801 0.0238 0.0274 
70 0.1825 0.7025 0.0238 0.0274 
70 0.2091 0.7042 0.0238 0.0274 
69 0.0422 0.5961 0.0238 0.0281 
69 0.0184 0.5974 0.0238 0.0281 
69 0.0193 0.5673 0.0238 0.0281 
69 0.057 0.7042 0.0238 0.0281 
69 0.0352 0.7042 0.0238 0.0281 
69 0.0268 0.4724 0.0238 0.0281 
69 0.0394 0.3451 0.0238 0.0281 
69 0.0151 0.3454 0.0238 0.0281 
69 0.0533 0.2928 0.0238 0.0281 
69 0.0293 0.316 0.0238 0.0281 
69 0.0362 0.2273 0.0238 0.0281 
69 0.0347 0.2016 0.0238 0.0281 
69 0.012 0.227 0.0236 0.0281 
68 0.0565 0.443 0.0278 0.0301 
68 0.0548 0.4711 0.0278 0.0301 
68 0.0801 0.4711 0.0278 0.0301 
68 0.0811 0.4459 0.0278 0.0301 
68 0.0779 0.5643 0.0278 0.0301 
68 0.0747 0.5957 0.0278 0.0301 
68 0.0995 0.5944 0.0278 0.0301 
68 0.1042 0.5613 0.0278 0.0301 
68 0.0939 0.4163 0.0246 0.0238 
68 0.0825 0.3452 0.0246 0.0238 
68 0.0596 0.3452 0.0246 0.0238 
68 0.0596 0.3198 0.0246 0.0238 
68 0.0847 0.3171 0.0246 0.0238 
68 0.0703 0.3915 0.0246 0.0238 
68 0.1075 0.6756 0.0246 0.0238 
68 0.083 0.6759 0.0246 0.0238 
68 0.082 0.703 0.0246 0.0238 
68 0.1058 0.7034 0.0246 0.0238 
68 0.1147 0.6435 0.0246 0.0238 
67 0.9239 0.4396 0.0273 0.0281 
67 0.9244 0.4115 0.0273 0.0281 
67 0.9278 0.3857 0.0273 0.0281 
67 0.9567 0.2105 0.0275 0.0301 
67 0.9529 0.3342 0.0273 0.0281 
67 0.9236 0.4654 0.0273 0.0281 
67 0.9524 0.4701 0.0273 0.0281 
67 0.9509 0.44 0.0273 0.0281 
67 0.9277 0.5344 0.0255 0.0245 
67 0.9307 0.5086 0.0255 0.0245 
67 0.9027 0.5321 0.0255 0.0245 
67 0.8999 0.5582 0.0255 0.0245 
67 0.9275 0.5585 0.0255 0.0245 
67 0.9361 0.5883 0.0255 0.0245 
67 0.959 0.1824 0.0275 0.0301 
67 0.9302 0.1824 0.0275 0.0301 
67 0.9304 0.2111 0.0275 0.0301 
67 0.955 0.1536 0.0275 0.0301 
67 0.9277 0.1546 0.0275 0.0301 
70 0.1739 0.2221 0.0238 0.0274 
70 0.1739 0.1963 0.0238 0.0274 
70 0.1731 0.1698 0.0238 0.0274 
70 0.1478 0.1685 0.0238 0.0274 
70 0.1473 0.1953 0.0238 0.0274 
70 0.1498 0.2244 0.0238 0.0274 
