4 0.1819 0.245 0.0211 0.0298 
4 0.2006 0.2452 0.0179 0.0294 
4 0.1832 0.274 0.0196 0.0248 
4 0.2016 0.2735 0.0174 0.0238 
4 0.1802 0.3337 0.0191 0.0291 
4 0.1978 0.333 0.0196 0.0304 
4 0.1798 0.3613 0.0179 0.0248 
4 0.1978 0.3611 0.0161 0.0271 
4 0.1843 0.3884 0.0154 0.0248 
4 0.2023 0.3891 0.0196 0.0288 
4 0.1835 0.455 0.0154 0.0258 
4 0.1998 0.4562 0.0122 0.0261 
4 0.1845 0.483 0.0169 0.0255 
4 0.2023 0.4838 0.0136 0.0258 
4 0.1894 0.5516 0.0141 0.0218 
4 0.2057 0.5524 0.0126 0.0202 
4 0.1896 0.5767 0.0156 0.0245 
4 0.2067 0.5766 0.0146 0.0228 
4 0.1901 0.6057 0.0146 0.0248 
4 0.2073 0.6033 0.0149 0.0235 
4 0.1911 0.63 0.0151 0.0212 
4 0.2081 0.6295 0.0149 0.0228 
4 0.2057 0.6801 0.0151 0.0248 
4 0.2237 0.6797 0.0139 0.0255 
4 0.2068 0.7059 0.0159 0.0202 
4 0.2252 0.7049 0.0149 0.0228 
4 0.2082 0.731 0.0146 0.0208 
4 0.2252 0.731 0.0144 0.0228 
4 0.0486 0.4863 0.0228 0.0235 
4 0.0687 0.485 0.0174 0.0228 
4 0.0484 0.5121 0.0223 0.0261 
4 0.0718 0.5096 0.0196 0.0231 
4 0.4602 0.5066 0.0191 0.0205 
4 0.4771 0.4282 0.0221 0.0212 
4 0.5027 0.4297 0.0193 0.0202 
4 0.4768 0.4491 0.0191 0.0165 
4 0.5014 0.4496 0.0191 0.0142 
4 0.4763 0.4664 0.0186 0.0149 
4 0.501 0.4656 0.0179 0.0159 
4 0.4758 0.4846 0.0171 0.0155 
4 0.5005 0.4848 0.0174 0.0172 
4 0.4996 0.5043 0.0166 0.0172 
4 0.4777 0.5048 0.0149 0.0162 
4 0.4818 0.5561 0.0216 0.0202 
4 0.5062 0.5575 0.0174 0.0172 
4 0.4828 0.5767 0.0211 0.0146 
4 0.5067 0.5771 0.0179 0.0152 
4 0.4829 0.5957 0.0184 0.0149 
4 0.5048 0.5934 0.0191 0.0136 
4 0.4945 0.6212 0.0193 0.0208 
4 0.4673 0.6197 0.0253 0.0212 
4 0.4306 0.4291 0.0184 0.0208 
4 0.4309 0.4524 0.0176 0.0185 
4 0.4371 0.4767 0.0102 0.0228 
4 0.4374 0.5012 0.0102 0.0208 
4 0.5765 0.6017 0.0201 0.0208 
4 0.5759 0.622 0.0218 0.0152 
4 0.568 0.5055 0.0233 0.0182 
4 0.5667 0.4342 0.0208 0.0179 
4 0.5688 0.4529 0.0166 0.0129 
4 0.5685 0.4686 0.0159 0.0152 
4 0.5689 0.4866 0.0193 0.0136 
4 0.6027 0.2359 0.0268 0.0228 
4 0.6293 0.2358 0.0241 0.0225 
4 0.6062 0.265 0.0248 0.0274 
4 0.6307 0.2654 0.0243 0.0261 
4 0.6662 0.2179 0.0213 0.0397 
4 0.6942 0.2184 0.0228 0.0387 
4 0.6633 0.2601 0.0226 0.0354 
4 0.6951 0.2594 0.0236 0.0367 
4 0.7284 0.2019 0.0203 0.0195 
4 0.7502 0.2022 0.0179 0.0188 
4 0.7285 0.2257 0.0201 0.0182 
4 0.7495 0.2235 0.0164 0.0172 
4 0.7277 0.2462 0.0184 0.0162 
4 0.7489 0.2452 0.0176 0.0175 
4 0.7276 0.2669 0.0171 0.0185 
4 0.75 0.2655 0.0179 0.0179 
4 0.5644 0.2672 0.0201 0.0284 
4 0.5846 0.2669 0.0159 0.0251 
4 0.5649 0.3274 0.0201 0.0258 
4 0.5832 0.3543 0.0161 0.0308 
4 0.5639 0.355 0.0196 0.0268 
4 0.5823 0.3829 0.0184 0.0258 
4 0.5636 0.3834 0.0181 0.0248 
4 0.6184 0.4886 0.0211 0.0195 
4 0.6394 0.4868 0.0179 0.0192 
4 0.6403 0.5048 0.0186 0.0162 
4 0.6186 0.5069 0.0238 0.0152 
4 0.5939 0.5083 0.0211 0.0179 
4 0.5938 0.4901 0.0243 0.0179 
4 0.594 0.4707 0.0263 0.0162 
4 0.5939 0.4532 0.0216 0.0162 
4 0.5908 0.4335 0.0208 0.0185 
4 0.6147 0.438 0.0201 0.0175 
4 0.6152 0.4562 0.0176 0.0175 
4 0.6167 0.4711 0.0191 0.0175 
4 0.6663 0.4568 0.0255 0.0387 
4 0.6677 0.4858 0.0248 0.0218 
4 0.6086 0.3201 0.0278 0.0284 
4 0.6362 0.3198 0.0233 0.0284 
4 0.6083 0.3512 0.025 0.0278 
4 0.6359 0.3499 0.0228 0.0298 
4 0.6086 0.3803 0.0253 0.0278 
4 0.6359 0.3811 0.0258 0.0288 
4 0.6581 0.3337 0.0241 0.0403 
4 0.6615 0.3639 0.0233 0.0222 
4 0.6905 0.3318 0.0233 0.0387 
4 0.6915 0.3633 0.0273 0.0215 
4 0.7252 0.3356 0.0233 0.0231 
4 0.7416 0.3348 0.0154 0.0235 
4 0.7196 0.3566 0.0226 0.0188 
4 0.7409 0.3566 0.0216 0.0182 
4 0.7195 0.3783 0.0193 0.0225 
4 0.7407 0.3783 0.0176 0.0192 
4 0.6026 0.6027 0.0226 0.0182 
4 0.6208 0.6073 0.0149 0.0308 
4 0.6018 0.6205 0.025 0.0175 
4 0.6538 0.5531 0.0193 0.0308 
4 0.6722 0.5541 0.0176 0.0334 
4 0.6596 0.5876 0.0181 0.0278 
4 0.6801 0.5868 0.0188 0.0294 
4 0.6595 0.6156 0.0159 0.0241 
4 0.6786 0.6166 0.0169 0.0288 
4 0.6713 0.6658 0.0166 0.0255 
4 0.6907 0.6662 0.0188 0.0281 
4 0.6722 0.6946 0.0166 0.0255 
4 0.487 0.7054 0.0226 0.0218 
4 0.5124 0.706 0.0223 0.0205 
4 0.4865 0.7265 0.0201 0.0179 
4 0.5123 0.7262 0.0216 0.0139 
4 0.4937 0.6604 0.0176 0.0132 
4 0.5176 0.6596 0.0174 0.0109 
4 0.4921 0.6764 0.0179 0.0149 
4 0.5162 0.6777 0.0171 0.0162 
4 0.437 0.7156 0.0188 0.041 
4 0.4699 0.7037 0.0171 0.0331 
4 0.47 0.6696 0.0188 0.0271 
4 0.4452 0.6718 0.0193 0.0294 
4 0.4516 0.6047 0.0184 0.0387 
4 0.4552 0.5615 0.0171 0.0331 
4 0.4376 0.5585 0.0136 0.0304 
4 0.591 0.6882 0.0154 0.0311 
4 0.59 0.7194 0.0164 0.0301 
4 0.6054 0.7186 0.0159 0.0331 
4 0.6419 0.7149 0.0228 0.0258 
4 0.5847 0.8186 0.025 0.0354 
4 0.6125 0.8168 0.0241 0.0337 
4 0.5543 0.8032 0.0179 0.037 
4 0.5794 0.7851 0.0218 0.0258 
4 0.6088 0.7895 0.0206 0.0136 
4 0.6057 0.7751 0.0174 0.0132 
4 0.5496 0.7765 0.0159 0.0119 
4 0.4995 0.7991 0.0174 0.0175 
4 0.5191 0.794 0.0184 0.0146 
4 0.4967 0.7829 0.0176 0.0103 
4 0.5161 0.7824 0.0169 0.0119 
4 0.494 0.7705 0.0144 0.0099 
4 0.5136 0.7698 0.0144 0.0099 
4 0.7623 0.8674 0.0236 0.0397 
4 0.6529 0.7908 0.027 0.0182 
4 0.6626 0.7778 0.0201 0.0099 
4 0.6398 0.7809 0.0191 0.0103 
4 0.6347 0.7679 0.0188 0.0093 
4 0.6572 0.7672 0.0193 0.0086 
4 0.584 0.8687 0.0211 0.0231 
4 0.6128 0.8669 0.0193 0.0235 
4 0.5574 0.8689 0.0171 0.0274 
4 0.6911 0.6933 0.0196 0.0235 
4 0.6737 0.7232 0.0191 0.0225 
4 0.6915 0.7229 0.0164 0.0251 
4 0.7613 0.6668 0.0196 0.0268 
4 0.7607 0.6926 0.0164 0.0235 
4 0.7604 0.7183 0.0169 0.0278 
4 0.7824 0.6658 0.0166 0.0255 
4 0.7804 0.6908 0.0186 0.0271 
4 0.7804 0.7181 0.0186 0.0281 
4 0.8518 0.7166 0.0166 0.0185 
4 0.8772 0.7153 0.0233 0.0205 
4 0.8779 0.6964 0.0236 0.0185 
4 0.8798 0.6782 0.0211 0.0165 
4 0.8776 0.6582 0.0196 0.0155 
4 0.8532 0.6597 0.0174 0.0172 
4 0.856 0.6791 0.0216 0.0169 
4 0.8533 0.6974 0.0186 0.0159 
4 0.8058 0.67 0.0238 0.0265 
4 0.8333 0.6705 0.0238 0.0268 
4 0.8049 0.6959 0.025 0.0241 
4 0.8322 0.6966 0.0241 0.0222 
4 0.8046 0.7216 0.0253 0.0265 
4 0.832 0.7207 0.0226 0.0235 
4 0.8072 0.6174 0.0236 0.0278 
4 0.8057 0.5909 0.0255 0.0291 
4 0.8002 0.561 0.0231 0.0248 
4 0.8015 0.5384 0.0216 0.0146 
4 0.8409 0.5673 0.027 0.0268 
4 0.8344 0.5909 0.0265 0.0304 
4 0.8341 0.6179 0.0263 0.0281 
4 0.8584 0.6176 0.0228 0.0222 
4 0.8841 0.6192 0.0211 0.0188 
4 0.8863 0.5989 0.0201 0.0172 
4 0.8783 0.5742 0.0186 0.0162 
4 0.8803 0.5562 0.0191 0.0159 
4 0.8559 0.5941 0.0149 0.0142 
4 0.9559 0.5827 0.0253 0.0225 
4 0.9198 0.6152 0.028 0.0248 
4 0.9542 0.6182 0.026 0.0182 
4 0.9568 0.6022 0.0298 0.0172 
4 0.8245 0.4292 0.0201 0.0238 
4 0.8588 0.4274 0.0186 0.0261 
4 0.8791 0.4266 0.0181 0.0231 
4 0.9034 0.4276 0.0196 0.0238 
4 0.8251 0.4542 0.0213 0.0241 
4 0.846 0.4529 0.0198 0.0222 
4 0.8676 0.4532 0.0218 0.0241 
4 0.8895 0.4532 0.0191 0.0241 
4 0.9142 0.4532 0.0218 0.0241 
4 0.9361 0.4517 0.0206 0.0225 
4 0.8247 0.4769 0.0213 0.0198 
4 0.8457 0.4764 0.0193 0.0235 
4 0.8676 0.4767 0.0198 0.0228 
4 0.8884 0.4764 0.0188 0.0222 
4 0.9128 0.4772 0.0221 0.0212 
4 0.9353 0.4762 0.0203 0.0205 
4 0.9333 0.5007 0.0188 0.0218 
4 0.9116 0.4988 0.0201 0.0182 
4 0.8881 0.4985 0.0198 0.0202 
4 0.8664 0.4993 0.0221 0.0205 
4 0.8444 0.4992 0.0176 0.0202 
4 0.824 0.499 0.0176 0.0205 
4 0.8206 0.3297 0.0226 0.0238 
4 0.8189 0.355 0.0198 0.0208 
4 0.8191 0.378 0.0196 0.0218 
4 0.8425 0.3275 0.0198 0.0208 
4 0.8403 0.3523 0.0238 0.0235 
4 0.8397 0.3765 0.0216 0.0228 
4 0.8632 0.3277 0.0206 0.0225 
4 0.8633 0.3525 0.0208 0.0198 
4 0.8622 0.3768 0.0206 0.0241 
4 0.8863 0.3269 0.0216 0.0228 
4 0.8845 0.3509 0.0231 0.0238 
4 0.8839 0.3763 0.0213 0.0225 
4 0.9111 0.3279 0.0211 0.0188 
4 0.9091 0.3515 0.0206 0.0212 
4 0.9095 0.3752 0.0198 0.0208 
4 0.9335 0.3284 0.0184 0.0218 
4 0.933 0.352 0.0218 0.0215 
4 0.9324 0.376 0.0206 0.0218 
4 0.9531 0.3156 0.0243 0.0162 
4 0.9554 0.3365 0.0248 0.0182 
4 0.9549 0.355 0.0233 0.0188 
4 0.9532 0.3758 0.0231 0.0195 
4 0.9751 0.3163 0.0156 0.0169 
4 0.9726 0.3552 0.0146 0.0192 
4 0.9725 0.3738 0.0159 0.0195 
4 0.9903 0.3262 0.0184 0.04 
4 0.9883 0.3657 0.0184 0.041 
4 0.4751 0.3519 0.0166 0.0258 
4 0.4936 0.3528 0.0174 0.0271 
4 0.4762 0.3833 0.0188 0.0251 
4 0.4948 0.3838 0.0164 0.0281 
4 0.4265 0.332 0.0246 0.0185 
4 0.4551 0.3332 0.0278 0.0208 
4 0.4249 0.3527 0.0248 0.0169 
4 0.4531 0.3517 0.0228 0.0169 
4 0.426 0.3707 0.025 0.0165 
4 0.4529 0.3705 0.0253 0.0188 
4 0.4261 0.3882 0.0263 0.0192 
4 0.4525 0.3904 0.0246 0.0188 
4 0.8224 0.2136 0.0218 0.0231 
4 0.8472 0.212 0.0208 0.0231 
4 0.8217 0.2381 0.0218 0.0218 
4 0.8457 0.2364 0.0213 0.0212 
4 0.8225 0.2626 0.0196 0.0212 
4 0.8445 0.2612 0.0208 0.0218 
4 0.8668 0.2617 0.0203 0.0228 
4 0.8864 0.2607 0.0179 0.0215 
4 0.9102 0.2364 0.0208 0.0212 
4 0.933 0.2331 0.0208 0.0205 
4 0.9097 0.2607 0.0203 0.0208 
4 0.9333 0.2601 0.0203 0.0208 
4 0.9546 0.2429 0.0208 0.0169 
4 0.9795 0.2419 0.027 0.0188 
4 0.9528 0.2622 0.0181 0.0159 
4 0.9771 0.2609 0.025 0.0159 
4 0.9893 0.4155 0.0198 0.0169 
4 0.9876 0.4355 0.0218 0.0172 
4 0.9825 0.4547 0.0141 0.0159 
4 0.9772 0.4969 0.0253 0.0222 
4 0.9535 0.4992 0.0191 0.0195 
4 0.9896 0.5369 0.0184 0.0142 
4 0.9854 0.5536 0.0213 0.0159 
4 0.9866 0.5729 0.0208 0.0142 
4 0.9866 0.5944 0.0179 0.0188 
4 0.9829 0.6772 0.0213 0.0331 
4 0.9655 0.7126 0.0218 0.0317 
4 0.9834 0.7077 0.0154 0.0278 
4 0.9204 0.7188 0.0228 0.0314 
4 0.9302 0.6817 0.0206 0.0268 
4 0.907 0.6812 0.0218 0.0298 
4 0.9003 0.7113 0.0169 0.0278 
4 0.8979 0.7951 0.0191 0.0235 
4 0.9185 0.7968 0.0201 0.0301 
4 0.936 0.795 0.0193 0.0304 
4 0.9531 0.7933 0.0208 0.0291 
4 0.9485 0.8213 0.0231 0.0222 
4 0.9707 0.8193 0.0169 0.0195 
4 0.2525 0.8151 0.0248 0.0251 
4 0.2958 0.8175 0.0216 0.0126 
4 0.3188 0.8143 0.0191 0.0083 
4 0.3447 0.8138 0.0203 0.0086 
4 0.2634 0.8361 0.0243 0.0116 
4 0.2907 0.8375 0.0238 0.0089 
4 0.3157 0.8338 0.0218 0.0096 
4 0.341 0.8309 0.0243 0.0089 
4 0.0146 0.3652 0.0248 0.0268 
4 0.019 0.3917 0.0305 0.0255 
4 0.4425 0.2518 0.0253 0.0142 
4 0.4427 0.2731 0.0248 0.0185 
4 0.4949 0.206 0.0216 0.0298 
4 0.4731 0.2366 0.0186 0.0274 
4 0.4922 0.2371 0.0171 0.0265 
4 0.4746 0.2687 0.0181 0.0281 
4 0.4932 0.2684 0.0181 0.0281 
98 0.1589 0.2675 0.0246 0.0377 
98 0.1343 0.3451 0.0226 0.0341 
98 0.1607 0.3447 0.0213 0.0367 
98 0.1384 0.3846 0.0233 0.0344 
98 0.1664 0.3838 0.0208 0.0341 
98 0.1393 0.4635 0.0231 0.036 
98 0.1646 0.4646 0.0191 0.0384 
98 0.1427 0.5041 0.0231 0.0347 
98 0.167 0.5041 0.0206 0.0387 
69 0.245 0.2485 0.0238 0.0261 
69 0.2257 0.2723 0.0233 0.0222 
69 0.248 0.2738 0.0203 0.0225 
69 0.2356 0.3375 0.0184 0.0169 
69 0.2578 0.3375 0.0196 0.0155 
69 0.235 0.3638 0.0211 0.0165 
69 0.2556 0.3638 0.0161 0.0172 
69 0.2303 0.3899 0.0206 0.0179 
69 0.2535 0.3882 0.0203 0.0185 
69 0.2202 0.5109 0.0203 0.0205 
69 0.2433 0.5112 0.0184 0.0205 
69 0.2338 0.6055 0.0206 0.0159 
69 0.2333 0.6303 0.0201 0.0198 
69 0.2562 0.63 0.0198 0.0172 
69 0.2453 0.7331 0.0179 0.0172 
69 0.2686 0.733 0.0203 0.0222 
70 0.3628 0.2154 0.0208 0.0241 
70 0.3872 0.2149 0.0238 0.0251 
70 0.3653 0.2447 0.0248 0.0271 
70 0.3886 0.2427 0.0218 0.0238 
70 0.3899 0.2707 0.0218 0.0268 
70 0.3656 0.2703 0.0258 0.0288 
70 0.3751 0.333 0.0226 0.0225 
70 0.3978 0.3318 0.0218 0.0208 
70 0.3746 0.3603 0.0221 0.0235 
70 0.3982 0.3598 0.0231 0.0225 
70 0.3744 0.3861 0.0211 0.0228 
70 0.3984 0.3864 0.0241 0.0261 
70 0.4236 0.4798 0.0159 0.0231 
70 0.4236 0.5063 0.0169 0.0251 
70 0.4012 0.5069 0.0226 0.0251 
70 0.3765 0.5063 0.0223 0.0258 
70 0.3767 0.4803 0.0233 0.0241 
70 0.4007 0.48 0.0231 0.0228 
70 0.3978 0.4544 0.0228 0.0271 
70 0.3752 0.454 0.0193 0.0265 
70 0.3812 0.4274 0.0188 0.0188 
70 0.4044 0.4282 0.0216 0.0185 
70 0.4121 0.5941 0.0146 0.0268 
70 0.3935 0.5938 0.0156 0.0274 
70 0.3873 0.6224 0.0236 0.0265 
70 0.4096 0.6219 0.0201 0.0281 
70 0.3889 0.6776 0.0208 0.0258 
70 0.4127 0.6774 0.0213 0.0248 
70 0.3878 0.7029 0.0211 0.0222 
70 0.4116 0.7029 0.0191 0.0241 
70 0.3885 0.7278 0.0211 0.0245 
70 0.4117 0.7269 0.0193 0.0245 
70 0.3692 0.8482 0.0151 0.0139 
70 0.3875 0.8469 0.0141 0.0112 
70 0.3862 0.8611 0.0159 0.0139 
70 0.3689 0.8629 0.0176 0.0149 
70 0.4108 0.8482 0.0201 0.0119 
70 0.4335 0.8489 0.0218 0.0112 
70 0.4323 0.8601 0.0243 0.0126 
70 0.4085 0.8608 0.0228 0.0146 
68 0.2697 0.4835 0.0241 0.0284 
68 0.2933 0.4838 0.0241 0.0284 
68 0.2915 0.5066 0.0241 0.0284 
68 0.2677 0.5099 0.0241 0.0284 
68 0.297 0.4577 0.0241 0.0284 
68 0.2975 0.3853 0.0241 0.0284 
68 0.2769 0.3869 0.0241 0.0284 
68 0.2739 0.457 0.0241 0.0284 
68 0.2732 0.4299 0.0241 0.0284 
68 0.2972 0.4296 0.0241 0.0284 
68 0.2968 0.3591 0.0241 0.0284 
68 0.2742 0.3604 0.0241 0.0284 
68 0.3044 0.332 0.0241 0.0284 
68 0.2806 0.3317 0.0241 0.0284 
68 0.2883 0.5675 0.0241 0.0284 
68 0.3109 0.5655 0.0241 0.0284 
68 0.3072 0.5956 0.0241 0.0284 
68 0.2851 0.5952 0.0241 0.0284 
68 0.2819 0.627 0.0241 0.0284 
68 0.3067 0.6257 0.0241 0.0284 
68 0.2945 0.6749 0.0241 0.0284 
68 0.3154 0.6743 0.0241 0.0284 
68 0.3146 0.703 0.0241 0.0284 
68 0.2935 0.705 0.0241 0.0284 
68 0.2938 0.7308 0.0241 0.0284 
68 0.3151 0.7302 0.0241 0.0284 
