4 0.021 0.1076 0.0216 0.0354 
4 0.043 0.1131 0.0241 0.0245 
4 0.0246 0.1422 0.0223 0.0278 
4 0.0425 0.1417 0.0265 0.0288 
4 0.0342 0.209 0.0223 0.0265 
4 0.0515 0.2068 0.0216 0.0248 
4 0.037 0.2427 0.0233 0.0278 
4 0.0577 0.2431 0.0216 0.0245 
4 0.0406 0.2735 0.0206 0.0298 
4 0.0574 0.2735 0.0176 0.0258 
4 0.0406 0.3185 0.0176 0.0192 
4 0.0614 0.3199 0.0176 0.0248 
4 0.0425 0.3482 0.0186 0.0258 
4 0.0614 0.3497 0.0161 0.0182 
4 0.0425 0.378 0.0166 0.0192 
4 0.067 0.378 0.0193 0.0298 
4 0.047 0.4086 0.0176 0.0268 
4 0.0639 0.4101 0.0176 0.0258 
4 0.0382 0.474 0.0159 0.0255 
4 0.0165 0.5013 0.0255 0.0225 
4 0.0161 0.5241 0.0248 0.0172 
4 0.021 0.5418 0.028 0.0202 
4 0.0425 0.5018 0.0166 0.0274 
4 0.0441 0.5397 0.0154 0.0205 
4 0.0642 0.5387 0.0184 0.0225 
4 0.0646 0.5045 0.0191 0.0222 
4 0.0578 0.4724 0.0184 0.0268 
4 0.0601 0.5888 0.0151 0.0222 
4 0.081 0.5931 0.0201 0.0268 
4 0.0642 0.6181 0.0184 0.0192 
4 0.0833 0.6181 0.0184 0.0278 
4 0.0642 0.6442 0.0169 0.0225 
4 0.083 0.6452 0.0146 0.0245 
4 0.1058 0.6463 0.0216 0.0308 
4 0.1282 0.648 0.0233 0.0321 
4 0.037 0.6288 0.0233 0.0235 
4 0.0378 0.6513 0.0295 0.0235 
4 0.0117 0.631 0.0208 0.0212 
4 0.0138 0.6511 0.0231 0.0172 
4 0.1202 0.7846 0.031 0.0255 
4 0.2066 0.6496 0.0263 0.0202 
4 0.1285 0.6106 0.0208 0.0321 
4 0.2386 0.6437 0.0327 0.0235 
4 0.2054 0.6276 0.0337 0.0192 
4 0.2082 0.609 0.0295 0.0202 
4 0.2005 0.5146 0.0255 0.0192 
4 0.2314 0.538 0.0233 0.0192 
4 0.2274 0.4975 0.0233 0.0255 
4 0.2338 0.5172 0.0231 0.0159 
4 0.1889 0.4096 0.0216 0.0202 
4 0.1866 0.3844 0.0201 0.0255 
4 0.1962 0.3585 0.0184 0.0245 
4 0.2129 0.4105 0.0231 0.0268 
4 0.2201 0.3571 0.0201 0.0245 
4 0.215 0.3317 0.0208 0.0265 
4 0.193 0.3327 0.0198 0.0311 
4 0.1918 0.2741 0.0241 0.0245 
4 0.1902 0.2464 0.0208 0.0245 
4 0.2149 0.2713 0.0176 0.0235 
4 0.2137 0.2459 0.0136 0.0235 
4 0.1946 0.2229 0.0166 0.0225 
4 0.2122 0.2169 0.0122 0.0192 
4 0.1798 0.1109 0.0223 0.0268 
4 0.199 0.1093 0.0191 0.0255 
4 0.1794 0.1402 0.0201 0.0258 
4 0.2025 0.1386 0.0216 0.0265 
4 0.3433 0.0997 0.0248 0.0321 
4 0.3637 0.099 0.0241 0.0288 
4 0.3441 0.1333 0.0216 0.0291 
4 0.3669 0.1321 0.0241 0.0268 
4 0.3526 0.2131 0.0191 0.0288 
4 0.3702 0.2138 0.0191 0.0321 
4 0.4226 0.2404 0.0298 0.0278 
4 0.4245 0.272 0.032 0.0308 
4 0.3526 0.2426 0.0161 0.0215 
4 0.3441 0.2687 0.0151 0.0288 
4 0.3638 0.2698 0.0223 0.0331 
4 0.3446 0.3509 0.0176 0.0245 
4 0.3682 0.3492 0.0186 0.0258 
4 0.3457 0.3798 0.0233 0.0288 
4 0.3671 0.3775 0.0208 0.0268 
4 0.3478 0.4091 0.0176 0.0278 
4 0.3669 0.4084 0.0176 0.0225 
4 0.4555 0.3796 0.0216 0.0225 
4 0.4778 0.377 0.0166 0.0278 
4 0.4555 0.4067 0.0216 0.0278 
4 0.479 0.4059 0.0191 0.0235 
4 0.6282 0.0911 0.0198 0.036 
4 0.6505 0.0916 0.0198 0.0364 
4 0.6271 0.1271 0.0186 0.0314 
4 0.6488 0.1265 0.0174 0.0294 
4 0.6174 0.1976 0.0211 0.0334 
4 0.6405 0.1973 0.0246 0.0354 
4 0.6163 0.2323 0.0184 0.0314 
4 0.6383 0.2335 0.0216 0.0364 
4 0.6169 0.2672 0.0211 0.0344 
4 0.639 0.2647 0.0191 0.0261 
4 0.6136 0.3436 0.0223 0.0331 
4 0.6334 0.3441 0.0149 0.0341 
4 0.612 0.3773 0.0236 0.0311 
4 0.6336 0.3762 0.0221 0.0288 
4 0.6121 0.4089 0.0203 0.0314 
4 0.6338 0.4074 0.0206 0.0304 
4 0.6141 0.4545 0.0203 0.0261 
4 0.6337 0.4554 0.0154 0.0265 
4 0.6131 0.4854 0.0174 0.0291 
4 0.6341 0.4843 0.0171 0.0261 
4 0.6127 0.5129 0.0191 0.0271 
4 0.6338 0.5137 0.0176 0.0255 
4 0.6111 0.5432 0.0208 0.0268 
4 0.6311 0.543 0.0191 0.0271 
4 0.6246 0.5974 0.0196 0.0308 
4 0.6455 0.6007 0.0186 0.0341 
4 0.624 0.6275 0.0184 0.0281 
4 0.6452 0.6293 0.0206 0.0298 
4 0.6236 0.6581 0.0206 0.0298 
4 0.644 0.6569 0.0181 0.0308 
4 0.893 0.6498 0.0236 0.0483 
4 0.9174 0.6361 0.0193 0.04 
4 0.9156 0.5995 0.0206 0.0364 
4 0.8905 0.6022 0.0211 0.0417 
4 0.8999 0.5225 0.0236 0.0483 
4 0.8924 0.4716 0.0233 0.045 
4 0.9539 0.6655 0.0288 0.0228 
4 0.9849 0.6653 0.0278 0.0218 
4 0.986 0.6434 0.028 0.0255 
4 0.955 0.6414 0.0295 0.0255 
4 0.9411 0.6048 0.026 0.0212 
4 0.9712 0.6063 0.0248 0.0195 
4 0.9753 0.5896 0.0201 0.0119 
4 0.9442 0.5886 0.0243 0.0159 
4 0.9394 0.6252 0.0221 0.0195 
4 0.938 0.5428 0.0298 0.0294 
4 0.9717 0.5435 0.0298 0.0248 
4 0.9338 0.5103 0.0293 0.0205 
4 0.9648 0.5106 0.0298 0.0212 
4 0.9676 0.4902 0.028 0.0215 
4 0.9365 0.4889 0.0253 0.0188 
4 0.9376 0.4668 0.0255 0.0188 
4 0.9695 0.4686 0.0268 0.0238 
4 0.9461 0.0992 0.029 0.0231 
4 0.9443 0.121 0.03 0.0218 
4 0.9847 0.0775 0.0255 0.0341 
4 0.9829 0.1133 0.0243 0.0321 
4 0.9162 0.1925 0.0342 0.0245 
4 0.9525 0.1921 0.033 0.0225 
4 0.9717 0.2209 0.0208 0.0357 
4 0.9934 0.2178 0.0131 0.0294 
4 0.9917 0.2571 0.0166 0.0301 
4 0.968 0.2578 0.0233 0.0347 
4 0.9123 0.2186 0.027 0.0238 
4 0.9449 0.2164 0.0312 0.0228 
4 0.9089 0.2401 0.0325 0.0192 
4 0.942 0.2401 0.0322 0.0212 
4 0.9082 0.2621 0.0337 0.0248 
4 0.9415 0.2632 0.0342 0.0271 
4 0.9469 0.3163 0.0288 0.0215 
4 0.9762 0.3156 0.0337 0.0248 
4 0.9404 0.3378 0.0305 0.0195 
4 0.9733 0.3385 0.0315 0.0208 
4 0.937 0.3588 0.0293 0.0212 
4 0.9689 0.3588 0.0295 0.0225 
4 0.9453 0.381 0.0355 0.0212 
4 0.9774 0.381 0.0337 0.0265 
4 0.9426 0.4058 0.0325 0.0271 
4 0.9779 0.4041 0.0317 0.0238 
64 0.1434 0.5116 0.0278 0.0304 
64 0.1424 0.538 0.0278 0.0304 
64 0.1691 0.5374 0.0278 0.0304 
64 0.1729 0.5089 0.0278 0.0304 
64 0.1915 0.5403 0.0278 0.0304 
64 0.1471 0.5985 0.0278 0.0304 
64 0.1744 0.5969 0.0278 0.0304 
64 0.1734 0.6257 0.0278 0.0304 
64 0.1468 0.6247 0.0278 0.0304 
64 0.1505 0.6521 0.0278 0.0304 
64 0.1758 0.6511 0.0278 0.0304 
64 0.162 0.4104 0.0278 0.0304 
64 0.1376 0.4104 0.0278 0.0304 
64 0.1468 0.3763 0.0278 0.0304 
64 0.1706 0.378 0.0278 0.0304 
64 0.1711 0.3482 0.0278 0.0304 
64 0.1438 0.3489 0.0278 0.0304 
64 0.1518 0.2741 0.0278 0.0304 
64 0.1528 0.245 0.0278 0.0304 
64 0.1476 0.2156 0.0278 0.0304 
64 0.1709 0.2153 0.0278 0.0304 
64 0.1724 0.245 0.0174 0.0298 
64 0.1726 0.2725 0.0174 0.0298 
70 0.8425 0.5394 0.0268 0.0337 
70 0.8693 0.5437 0.0268 0.0337 
70 0.843 0.6055 0.0268 0.0337 
70 0.8688 0.6055 0.0268 0.0337 
70 0.8398 0.6349 0.0293 0.0271 
70 0.8678 0.6313 0.0268 0.0337 
70 0.8693 0.5076 0.0268 0.0337 
70 0.8451 0.5081 0.0206 0.0341 
70 0.84 0.4041 0.0268 0.0337 
70 0.8704 0.4053 0.029 0.0334 
70 0.8736 0.3745 0.029 0.0334 
70 0.8434 0.3705 0.029 0.0334 
70 0.8406 0.3414 0.029 0.0334 
70 0.8692 0.3414 0.029 0.0334 
70 0.8493 0.2604 0.029 0.0334 
70 0.8513 0.227 0.029 0.0334 
70 0.8535 0.1946 0.029 0.0334 
70 0.8808 0.1939 0.029 0.0334 
70 0.8791 0.2264 0.029 0.0334 
70 0.8759 0.2614 0.029 0.0334 
70 0.8503 0.1202 0.029 0.0334 
70 0.8796 0.1182 0.029 0.0334 
70 0.8813 0.0858 0.029 0.0334 
70 0.8523 0.0828 0.029 0.0334 
70 0.8543 0.0521 0.029 0.0334 
70 0.8818 0.0521 0.029 0.0334 
70 0.9039 0.3722 0.029 0.0334 
70 0.8653 0.6624 0.0293 0.0271 
70 0.8368 0.662 0.0293 0.0271 
68 0.7254 0.2316 0.0288 0.0308 
68 0.7587 0.23 0.0288 0.0308 
68 0.7572 0.2631 0.0288 0.0308 
68 0.7279 0.2627 0.0288 0.0308 
68 0.7378 0.3444 0.0288 0.0308 
68 0.7393 0.3735 0.0288 0.0308 
68 0.7391 0.4046 0.0288 0.0308 
68 0.7106 0.4049 0.0288 0.0308 
68 0.7135 0.3738 0.0288 0.0308 
68 0.7036 0.3411 0.0288 0.0308 
68 0.7021 0.3117 0.0288 0.0308 
68 0.7334 0.311 0.0288 0.0308 
68 0.7421 0.5098 0.0288 0.0308 
68 0.7455 0.5422 0.0288 0.0308 
68 0.7183 0.5422 0.0288 0.0308 
68 0.716 0.5074 0.0288 0.0308 
68 0.7369 0.4764 0.0288 0.0308 
68 0.7081 0.4767 0.0288 0.0308 
68 0.7498 0.6275 0.0288 0.0308 
68 0.7217 0.6288 0.0288 0.0308 
68 0.7205 0.5974 0.0288 0.0308 
68 0.7473 0.5961 0.0288 0.0308 
68 0.7215 0.6602 0.0288 0.0308 
68 0.752 0.6632 0.0288 0.0308 
69 0.6558 0.4062 0.0238 0.0301 
69 0.683 0.4066 0.0263 0.0308 
69 0.6634 0.5134 0.0263 0.0308 
69 0.6625 0.5412 0.0263 0.0308 
69 0.6885 0.5445 0.0263 0.0308 
69 0.6954 0.6589 0.0263 0.0308 
69 0.6691 0.6589 0.0263 0.0308 
69 0.6962 0.2654 0.0263 0.0308 
69 0.6667 0.2627 0.0263 0.0308 
69 0.6897 0.2346 0.0263 0.0308 
69 0.6622 0.2333 0.0263 0.0308 
69 0.6664 0.2029 0.0263 0.0308 
69 0.6917 0.2016 0.0263 0.0308 
69 0.6746 0.1262 0.0263 0.0308 
69 0.7011 0.1245 0.0263 0.0308 
69 0.689 0.0967 0.0263 0.0308 
56 0.2431 0.3523 0.0253 0.0294 
56 0.2671 0.3517 0.0253 0.0294 
56 0.2711 0.3805 0.0253 0.0294 
56 0.2738 0.4072 0.0253 0.0294 
56 0.2775 0.3239 0.0253 0.0294 
56 0.2542 0.3226 0.0253 0.0294 
56 0.2599 0.2713 0.0253 0.0294 
56 0.2346 0.2707 0.0253 0.0294 
56 0.2584 0.2419 0.0253 0.0294 
56 0.2341 0.2416 0.0253 0.0294 
56 0.2572 0.2105 0.0253 0.0294 
56 0.2326 0.2105 0.0253 0.0294 
56 0.2537 0.1361 0.0253 0.0294 
56 0.2282 0.1381 0.0253 0.0294 
56 0.249 0.1053 0.0253 0.0294 
56 0.2269 0.107 0.0253 0.0294 
64 0.1451 0.1379 0.0278 0.0304 
64 0.1453 0.1062 0.0278 0.0304 
64 0.119 0.1068 0.0278 0.0304 
64 0.1183 0.1399 0.0278 0.0304 
56 0.2765 0.4863 0.0253 0.0294 
56 0.252 0.485 0.0253 0.0294 
56 0.256 0.5114 0.0253 0.0294 
56 0.2547 0.5389 0.0253 0.0294 
56 0.2788 0.5382 0.0253 0.0294 
56 0.2795 0.5117 0.0253 0.0294 
