4 0.0641 0.2131 0.0216 0.0288 
4 0.0833 0.2159 0.0169 0.0317 
4 0.0641 0.2452 0.0201 0.0288 
4 0.0846 0.2447 0.0159 0.0298 
4 0.0637 0.3113 0.0193 0.0288 
4 0.0815 0.3108 0.0176 0.0258 
4 0.1021 0.3151 0.0176 0.0278 
4 0.0641 0.3434 0.0201 0.0268 
4 0.0826 0.3441 0.0154 0.0235 
4 0.0689 0.3753 0.0169 0.0225 
4 0.0877 0.376 0.0176 0.0212 
4 0.067 0.4484 0.0144 0.0258 
4 0.0877 0.4484 0.0176 0.0258 
4 0.0686 0.4805 0.0161 0.0258 
4 0.0878 0.4788 0.0159 0.0245 
4 0.0697 0.5099 0.0119 0.0245 
4 0.0885 0.5104 0.0114 0.0255 
4 0.0742 0.5546 0.0144 0.0245 
4 0.0938 0.5557 0.0169 0.0202 
4 0.0745 0.5823 0.0136 0.0225 
4 0.0957 0.5802 0.0129 0.0248 
4 0.0734 0.6133 0.0144 0.0222 
4 0.095 0.6133 0.0129 0.0248 
4 0.0761 0.641 0.0154 0.0202 
4 0.0961 0.6437 0.0136 0.0235 
4 0.0921 0.6964 0.0151 0.0225 
4 0.1126 0.6964 0.0144 0.0225 
4 0.0961 0.728 0.0136 0.0215 
4 0.1173 0.7257 0.0144 0.0235 
4 0.097 0.7546 0.0154 0.0231 
4 0.1162 0.7515 0.0151 0.0215 
4 0.3542 0.226 0.0288 0.0222 
4 0.3542 0.249 0.0238 0.0192 
4 0.4086 0.1738 0.0191 0.0248 
4 0.3862 0.208 0.0223 0.0311 
4 0.409 0.2121 0.0198 0.0308 
4 0.387 0.2426 0.0191 0.0301 
4 0.4111 0.2409 0.0176 0.0268 
4 0.391 0.337 0.0191 0.0265 
4 0.4129 0.3391 0.0184 0.0354 
4 0.3921 0.3712 0.0169 0.0268 
4 0.4126 0.375 0.0161 0.0278 
4 0.3362 0.3145 0.028 0.0245 
4 0.3682 0.3146 0.0265 0.0182 
4 0.3349 0.3371 0.0255 0.0182 
4 0.3658 0.3333 0.0248 0.0192 
4 0.3349 0.354 0.027 0.0182 
4 0.3655 0.3568 0.0255 0.0212 
4 0.3349 0.377 0.0255 0.0212 
4 0.3657 0.3758 0.0295 0.0235 
4 0.3462 0.4225 0.0208 0.0288 
4 0.347 0.4501 0.0174 0.0225 
4 0.3745 0.5088 0.0248 0.0222 
4 0.3502 0.4762 0.0144 0.0192 
4 0.3497 0.5008 0.0169 0.0235 
4 0.3977 0.4261 0.0216 0.0169 
4 0.4246 0.4239 0.0193 0.0192 
4 0.3966 0.4448 0.0208 0.0159 
4 0.4245 0.4458 0.0176 0.0159 
4 0.3978 0.4661 0.0169 0.0162 
4 0.4214 0.4635 0.0129 0.0149 
4 0.3958 0.4869 0.0208 0.0149 
4 0.4218 0.4853 0.0166 0.0182 
4 0.3958 0.5071 0.0208 0.0215 
4 0.4225 0.5071 0.0151 0.0169 
4 0.4045 0.5648 0.0223 0.0212 
4 0.4311 0.5685 0.0208 0.0159 
4 0.4038 0.5866 0.0208 0.0179 
4 0.4309 0.5876 0.0176 0.0159 
4 0.385 0.6379 0.0201 0.0225 
4 0.4142 0.6357 0.0258 0.0202 
4 0.4018 0.6063 0.0218 0.0129 
4 0.4289 0.6063 0.0216 0.0149 
4 0.3705 0.6147 0.0169 0.0384 
4 0.3761 0.5689 0.0201 0.0341 
4 0.3506 0.7402 0.0231 0.0394 
4 0.3606 0.6916 0.0208 0.0341 
4 0.3909 0.6916 0.0208 0.0321 
4 0.405 0.7328 0.0248 0.0205 
4 0.4045 0.7535 0.0223 0.0235 
4 0.4322 0.7318 0.0166 0.0225 
4 0.4314 0.7561 0.0201 0.0182 
4 0.4405 0.6976 0.0208 0.0182 
4 0.4138 0.6959 0.0201 0.0149 
4 0.5182 0.711 0.0161 0.0278 
4 0.5182 0.7477 0.0191 0.0331 
4 0.5346 0.7498 0.0136 0.0288 
4 0.5778 0.744 0.028 0.0278 
4 0.5025 0.8586 0.0248 0.0413 
4 0.5366 0.8543 0.0305 0.0394 
4 0.4782 0.8421 0.0258 0.0427 
4 0.5067 0.8203 0.0248 0.0288 
4 0.703 0.9168 0.029 0.0446 
4 0.6081 0.7498 0.0169 0.0288 
4 0.6085 0.7216 0.0176 0.0258 
4 0.6302 0.7232 0.0129 0.0225 
4 0.6293 0.7535 0.0161 0.0255 
4 0.6293 0.6923 0.0176 0.0268 
4 0.609 0.6928 0.0166 0.0212 
4 0.5934 0.6346 0.0191 0.0245 
4 0.6174 0.6362 0.0191 0.0278 
4 0.6169 0.6027 0.0151 0.0268 
4 0.5954 0.601 0.0201 0.0274 
4 0.5919 0.5663 0.0176 0.0288 
4 0.6122 0.5658 0.0136 0.0317 
4 0.6022 0.4554 0.0258 0.0417 
4 0.6354 0.4587 0.0233 0.0397 
4 0.6047 0.4911 0.0273 0.0212 
4 0.6365 0.4916 0.0241 0.0182 
4 0.595 0.3216 0.0223 0.0407 
4 0.6297 0.3178 0.0184 0.0417 
4 0.5971 0.3563 0.0216 0.0182 
4 0.6306 0.354 0.0216 0.0182 
4 0.5978 0.2368 0.0216 0.0417 
4 0.6349 0.2373 0.0208 0.0387 
4 0.6342 0.1941 0.0223 0.0397 
4 0.6017 0.1925 0.0248 0.045 
4 0.5342 0.2106 0.0273 0.0258 
4 0.5657 0.2102 0.0312 0.0288 
4 0.5366 0.2404 0.032 0.0384 
4 0.5634 0.2388 0.0345 0.0417 
4 0.5386 0.3039 0.0345 0.0351 
4 0.5686 0.3039 0.032 0.0397 
4 0.5366 0.338 0.0305 0.0331 
4 0.5689 0.3386 0.0312 0.0364 
4 0.5373 0.3727 0.032 0.0384 
4 0.5691 0.3722 0.028 0.0354 
4 0.7075 0.6933 0.0216 0.0268 
4 0.7325 0.6944 0.0176 0.0311 
4 0.489 0.2447 0.0166 0.0212 
4 0.5109 0.2426 0.0144 0.0235 
4 0.4897 0.3099 0.0201 0.0298 
4 0.511 0.3408 0.0161 0.036 
4 0.4875 0.3456 0.0216 0.0311 
4 0.4885 0.3765 0.0176 0.0248 
4 0.5118 0.377 0.0255 0.0344 
4 0.5217 0.4335 0.0216 0.0192 
4 0.5486 0.4347 0.0208 0.0215 
4 0.549 0.4537 0.0231 0.0192 
4 0.5206 0.4532 0.0223 0.0182 
4 0.5218 0.474 0.0233 0.0235 
4 0.5495 0.473 0.0241 0.0169 
4 0.5522 0.4949 0.0265 0.0182 
4 0.5213 0.4954 0.0208 0.0192 
4 0.5215 0.5141 0.0241 0.0162 
4 0.551 0.5126 0.027 0.0172 
4 0.5734 0.5109 0.0238 0.0205 
4 0.5747 0.4927 0.0248 0.0205 
4 0.5033 0.6176 0.0231 0.0202 
4 0.5334 0.6181 0.0241 0.0212 
4 0.5033 0.6399 0.028 0.0245 
4 0.5314 0.6405 0.0265 0.0212 
4 0.5551 0.624 0.0208 0.0351 
4 0.4942 0.5114 0.0305 0.0235 
4 0.7086 0.7227 0.0208 0.0255 
4 0.731 0.7226 0.0241 0.0298 
4 0.7082 0.7487 0.0216 0.0331 
4 0.731 0.7477 0.0255 0.0331 
4 0.7574 0.7563 0.0273 0.0265 
4 0.7907 0.7574 0.0248 0.0288 
4 0.787 0.7264 0.0288 0.0288 
4 0.7566 0.7237 0.032 0.0321 
4 0.7566 0.6981 0.027 0.0317 
4 0.7886 0.7014 0.027 0.0364 
4 0.7587 0.641 0.0312 0.0308 
4 0.7866 0.6389 0.0231 0.0311 
4 0.7898 0.6116 0.031 0.0321 
4 0.7995 0.5835 0.028 0.0374 
4 0.7602 0.608 0.0312 0.0394 
4 0.7566 0.5551 0.0241 0.0235 
4 0.6719 0.1711 0.0223 0.0235 
4 0.6969 0.1706 0.0248 0.0205 
4 0.6694 0.1984 0.0238 0.0245 
4 0.6969 0.1973 0.0248 0.0222 
4 0.6703 0.2212 0.0255 0.0212 
4 0.6942 0.2224 0.0258 0.0215 
4 0.669 0.2464 0.0201 0.0205 
4 0.6954 0.2457 0.0248 0.0192 
4 0.6674 0.3242 0.0248 0.0268 
4 0.6879 0.3219 0.0176 0.0288 
4 0.6611 0.3471 0.0216 0.0215 
4 0.6846 0.3471 0.0241 0.0235 
4 0.6622 0.371 0.0208 0.0245 
4 0.6838 0.3733 0.0238 0.0225 
4 0.7774 0.1877 0.0241 0.0248 
4 0.8043 0.1834 0.0248 0.0268 
4 0.8042 0.2133 0.0201 0.0245 
4 0.8046 0.2416 0.0208 0.0235 
4 0.7783 0.2409 0.0223 0.0182 
4 0.779 0.2154 0.0223 0.0202 
4 0.8759 0.2133 0.0255 0.0265 
4 0.9014 0.2128 0.0255 0.0255 
4 0.827 0.2379 0.0206 0.0288 
4 0.8518 0.2394 0.0226 0.0298 
4 0.875 0.2394 0.0208 0.0212 
4 0.901 0.2431 0.0248 0.0245 
4 0.9854 0.2201 0.0273 0.0235 
4 0.9246 0.2212 0.0258 0.0212 
4 0.9514 0.2219 0.0298 0.0245 
4 0.923 0.2427 0.0241 0.0192 
4 0.9506 0.2421 0.0263 0.0245 
4 0.7733 0.3161 0.0208 0.0212 
4 0.7999 0.315 0.0223 0.0235 
4 0.8242 0.3156 0.0233 0.0248 
4 0.8478 0.3178 0.0255 0.0265 
4 0.8757 0.315 0.0288 0.0235 
4 0.9025 0.3151 0.0248 0.0258 
4 0.7733 0.3423 0.0208 0.0245 
4 0.797 0.3434 0.0231 0.0288 
4 0.8214 0.3439 0.0258 0.0344 
4 0.8467 0.3401 0.0248 0.0288 
4 0.8741 0.3476 0.0241 0.0245 
4 0.9025 0.3439 0.0248 0.0258 
4 0.7718 0.371 0.0208 0.0245 
4 0.7982 0.369 0.0191 0.0265 
4 0.823 0.3681 0.0226 0.0245 
4 0.8478 0.37 0.0226 0.0245 
4 0.8743 0.3686 0.0208 0.0255 
4 0.8978 0.3679 0.0233 0.0268 
4 0.9278 0.3051 0.0288 0.0182 
4 0.9267 0.3237 0.028 0.0212 
4 0.9246 0.3487 0.0273 0.0248 
4 0.9258 0.3712 0.0298 0.0288 
4 0.9878 0.3596 0.0243 0.038 
4 0.9613 0.3595 0.0208 0.0417 
4 0.9661 0.4144 0.0255 0.0258 
4 0.9654 0.4373 0.0226 0.0202 
4 0.973 0.4635 0.0407 0.0255 
4 0.9771 0.4831 0.0265 0.0225 
4 0.9762 0.5076 0.0263 0.0225 
4 0.9642 0.5514 0.0295 0.0222 
4 0.9916 0.5522 0.0169 0.0152 
4 0.9607 0.5732 0.0241 0.0149 
4 0.9875 0.5749 0.0216 0.0162 
4 0.9895 0.5967 0.0211 0.0188 
4 0.9767 0.6219 0.0288 0.0222 
4 0.9607 0.5934 0.0241 0.0149 
4 0.9758 0.6442 0.0305 0.0245 
4 0.9235 0.6032 0.0295 0.0258 
4 0.925 0.6255 0.0345 0.0215 
4 0.9235 0.6404 0.0345 0.0235 
4 0.9355 0.7477 0.0248 0.037 
4 0.9557 0.7115 0.0241 0.0308 
4 0.8966 0.712 0.0208 0.0298 
4 0.8878 0.7503 0.0305 0.0403 
4 0.8363 0.7488 0.0248 0.0202 
4 0.8378 0.728 0.0278 0.0235 
4 0.815 0.7103 0.0223 0.0225 
4 0.8115 0.7307 0.0248 0.0222 
4 0.8109 0.7513 0.0176 0.0192 
4 0.8446 0.5737 0.0255 0.0225 
4 0.8402 0.5936 0.0201 0.0172 
4 0.8478 0.6176 0.027 0.0222 
4 0.8471 0.6415 0.0255 0.0258 
4 0.8867 0.6405 0.0312 0.0278 
4 0.8166 0.6384 0.0206 0.0215 
4 0.8121 0.6121 0.0151 0.0225 
4 0.7798 0.4304 0.0288 0.0255 
4 0.8225 0.4281 0.0201 0.0235 
4 0.8421 0.4256 0.0241 0.0311 
4 0.8718 0.4276 0.0223 0.0225 
4 0.9035 0.4554 0.0248 0.0225 
4 0.9034 0.4815 0.0231 0.0192 
4 0.9009 0.5083 0.0216 0.0278 
4 0.9246 0.5083 0.0238 0.0212 
4 0.8754 0.5061 0.0201 0.0255 
4 0.8771 0.482 0.0216 0.0202 
4 0.8795 0.4529 0.0248 0.0235 
4 0.8522 0.4587 0.0233 0.0245 
4 0.8507 0.4825 0.0184 0.0192 
4 0.8513 0.5109 0.0216 0.0311 
4 0.8254 0.5055 0.0193 0.0202 
4 0.8266 0.4777 0.0154 0.0182 
4 0.827 0.4549 0.0161 0.0149 
4 0.8027 0.457 0.0136 0.0152 
4 0.8022 0.4846 0.0226 0.0235 
4 0.8031 0.5071 0.0208 0.0235 
4 0.7803 0.5083 0.0233 0.0278 
4 0.7819 0.4836 0.0201 0.0255 
4 0.779 0.456 0.0223 0.0172 
70 0.2806 0.4802 0.026 0.0284 
70 0.2799 0.5079 0.026 0.0284 
70 0.3059 0.5093 0.026 0.0284 
70 0.3064 0.4805 0.026 0.0284 
70 0.3054 0.4504 0.026 0.0284 
70 0.2801 0.4514 0.026 0.0284 
70 0.2888 0.4203 0.026 0.0284 
70 0.3141 0.4213 0.026 0.0284 
70 0.2779 0.3747 0.026 0.0284 
70 0.2789 0.3449 0.026 0.0284 
70 0.2779 0.3138 0.026 0.0284 
70 0.3039 0.3138 0.026 0.0284 
70 0.3039 0.3452 0.026 0.0284 
70 0.3052 0.3727 0.026 0.0284 
70 0.265 0.2447 0.026 0.0284 
70 0.2925 0.246 0.026 0.0284 
70 0.2906 0.2143 0.026 0.0284 
70 0.2643 0.2149 0.026 0.0284 
70 0.263 0.1849 0.026 0.0284 
70 0.2898 0.1845 0.026 0.0284 
71 0.6896 0.4481 0.031 0.0205 
71 0.6901 0.4666 0.031 0.0205 
71 0.6896 0.4854 0.031 0.0205 
71 0.6901 0.506 0.031 0.0205 
71 0.6616 0.505 0.031 0.0205 
71 0.6601 0.4826 0.0241 0.0175 
71 0.6603 0.4648 0.0241 0.0175 
71 0.6596 0.4476 0.0241 0.0175 
71 0.666 0.5574 0.0295 0.0235 
71 0.6375 0.5518 0.0295 0.0235 
71 0.6648 0.5772 0.0295 0.0235 
71 0.6732 0.6404 0.0295 0.0235 
71 0.6745 0.6219 0.0295 0.0235 
71 0.6425 0.6166 0.03 0.0255 
71 0.6675 0.5954 0.031 0.0188 
71 0.6432 0.6391 0.031 0.0188 
71 0.6548 0.6966 0.0283 0.0274 
71 0.6824 0.7138 0.0275 0.0261 
71 0.683 0.7376 0.0298 0.0215 
71 0.6829 0.7571 0.029 0.0202 
71 0.6536 0.7561 0.029 0.0202 
71 0.6541 0.7369 0.029 0.0202 
71 0.6549 0.7184 0.029 0.0202 
70 0.3188 0.6379 0.026 0.0284 
70 0.2915 0.6379 0.026 0.0284 
70 0.3191 0.6994 0.026 0.0284 
70 0.3201 0.7282 0.026 0.0284 
70 0.3208 0.7536 0.026 0.0284 
70 0.2943 0.7546 0.026 0.0284 
70 0.2948 0.7272 0.026 0.0284 
70 0.294 0.6984 0.026 0.0284 
69 0.1331 0.5103 0.025 0.0304 
69 0.1083 0.5112 0.025 0.0304 
69 0.1229 0.6114 0.025 0.0304 
69 0.1477 0.6419 0.025 0.0304 
69 0.1209 0.6438 0.025 0.0304 
69 0.1474 0.3763 0.025 0.0304 
69 0.1217 0.3747 0.025 0.0304 
69 0.1279 0.3436 0.025 0.0304 
69 0.1296 0.3165 0.025 0.0304 
69 0.1536 0.3171 0.025 0.0304 
69 0.14 0.246 0.025 0.0304 
69 0.1388 0.2173 0.025 0.0304 
69 0.1137 0.2483 0.025 0.0304 
69 0.1623 0.7526 0.025 0.0304 
69 0.1363 0.7543 0.025 0.0304 
68 0.1824 0.6052 0.0265 0.0304 
68 0.1794 0.6389 0.0265 0.0304 
68 0.2072 0.6372 0.0265 0.0304 
68 0.208 0.6035 0.0265 0.0304 
68 0.2186 0.6935 0.0265 0.0304 
68 0.1921 0.6935 0.0265 0.0304 
68 0.2149 0.7235 0.0265 0.0304 
68 0.1896 0.7235 0.0265 0.0304 
68 0.2159 0.5744 0.0265 0.0304 
68 0.1901 0.5728 0.0265 0.0304 
68 0.1876 0.5109 0.0265 0.0304 
68 0.1616 0.5089 0.0265 0.0304 
68 0.1621 0.4775 0.0265 0.0304 
68 0.1889 0.4782 0.0265 0.0304 
68 0.1953 0.4478 0.0265 0.0304 
68 0.1708 0.4478 0.0265 0.0304 
68 0.1705 0.419 0.0265 0.0304 
68 0.197 0.418 0.0265 0.0304 
68 0.1933 0.3767 0.0265 0.0304 
68 0.1695 0.3733 0.0265 0.0304 
68 0.1928 0.3449 0.0265 0.0304 
68 0.168 0.3462 0.0265 0.0304 
68 0.2045 0.3161 0.0265 0.0304 
68 0.1804 0.3165 0.0265 0.0304 
68 0.1879 0.7513 0.0265 0.0304 
68 0.2147 0.7536 0.0265 0.0304 
